-251.16666666	0.00000000
-251.13333333	-0.00000007
-251.10000000	-0.00000023
-251.06666666	-0.00000050
-251.03333333	-0.00000056
-251.00000000	-0.00000063
-250.96666666	-0.00000127
-250.93333333	-0.00000068
-250.90000000	-0.00000181
-250.86666666	-0.00000096
-250.83333333	-0.00000211
-250.80000000	-0.00000056
-250.76666666	0.00000032
-250.73333333	-0.00000272
-250.70000000	0.00000207
-250.66666666	-0.00000030
-250.63333333	0.00000720
-250.60000000	0.00000244
-250.56666666	0.00000699
-250.53333333	0.00001184
-250.49999999	0.00000527
-250.46666666	0.00001810
-250.43333333	0.00002357
-250.39999999	0.00002024
-250.36666666	0.00001636
-250.33333333	0.00001942
-250.29999999	0.00003561
-250.26666666	0.00002602
-250.23333333	0.00004839
-250.19999999	0.00003860
-250.16666666	0.00002080
-250.13333333	0.00004779
-250.09999999	0.00003656
-250.06666666	0.00003195
-250.03333333	0.00008750
-249.99999999	0.00006575
-249.96666666	0.00005001
-249.93333333	0.00003601
-249.89999999	0.00003689
-249.86666666	0.00009341
-249.83333333	0.00007011
-249.79999999	0.00005821
-249.76666666	0.00002343
-249.73333332	0.00008152
-249.69999999	0.00007653
-249.66666666	0.00004040
-249.63333332	0.00006037
-249.59999999	0.00005120
-249.56666666	0.00003357
-249.53333332	0.00007945
-249.49999999	0.00004137
-249.46666666	0.00004509
-249.43333332	0.00003210
-249.39999999	-0.00003992
-249.36666666	0.00006486
-249.33333332	-0.00001868
-249.29999999	0.00001202
-249.26666666	0.00005440
-249.23333332	-0.00001832
-249.19999999	-0.00012170
-249.16666666	-0.00007845
-249.13333332	-0.00008971
-249.09999999	-0.00009345
-249.06666666	-0.00021955
-249.03333332	-0.00016846
-248.99999999	-0.00017318
-248.96666665	-0.00016749
-248.93333332	-0.00029507
-248.89999999	-0.00025317
-248.86666665	-0.00028609
-248.83333332	-0.00026220
-248.79999999	-0.00023048
-248.76666665	-0.00030384
-248.73333332	-0.00025146
-248.69999999	-0.00036982
-248.66666665	-0.00033108
-248.63333332	-0.00042558
-248.59999999	-0.00045641
-248.56666665	-0.00054538
-248.53333332	-0.00049235
-248.49999999	-0.00041544
-248.46666665	-0.00045075
-248.43333332	-0.00040089
-248.39999999	-0.00055355
-248.36666665	-0.00063325
-248.33333332	-0.00054657
-248.29999999	-0.00033922
-248.26666665	-0.00044008
-248.23333332	-0.00042230
-248.19999998	-0.00035973
-248.16666665	-0.00057349
-248.13333332	-0.00053825
-248.09999998	-0.00052226
-248.06666665	-0.00046446
-248.03333332	-0.00054244
-247.99999998	-0.00061812
-247.96666665	-0.00048126
-247.93333332	-0.00051208
-247.89999998	-0.00056721
-247.86666665	-0.00058261
-247.83333332	-0.00054603
-247.79999998	-0.00058381
-247.76666665	-0.00054193
-247.73333332	-0.00049489
-247.69999998	-0.00071073
-247.66666665	-0.00055197
-247.63333332	-0.00054084
-247.59999998	-0.00048554
-247.56666665	-0.00061049
-247.53333332	-0.00049222
-247.49999998	-0.00057007
-247.46666665	-0.00068183
-247.43333331	-0.00081805
-247.39999998	-0.00058118
-247.36666665	-0.00047555
-247.33333331	-0.00069840
-247.29999998	-0.00058267
-247.26666665	-0.00043003
-247.23333331	-0.00046175
-247.19999998	-0.00067230
-247.16666665	-0.00044725
-247.13333331	-0.00066151
-247.09999998	-0.00080118
-247.06666665	-0.00066133
-247.03333331	-0.00081482
-246.99999998	-0.00097127
-246.96666665	-0.00072707
-246.93333331	-0.00064190
-246.89999998	-0.00082013
-246.86666665	-0.00080341
-246.83333331	-0.00079346
-246.79999998	-0.00069723
-246.76666665	-0.00078456
-246.73333331	-0.00043201
-246.69999998	-0.00055983
-246.66666664	-0.00062066
-246.63333331	-0.00068415
-246.59999998	-0.00047592
-246.56666664	-0.00036056
-246.53333331	-0.00055336
-246.49999998	-0.00065438
-246.46666664	-0.00070131
-246.43333331	-0.00043034
-246.39999998	-0.00035148
-246.36666664	-0.00043022
-246.33333331	-0.00046428
-246.29999998	-0.00063376
-246.26666664	-0.00061214
-246.23333331	-0.00060222
-246.19999998	-0.00050329
-246.16666664	-0.00049965
-246.13333331	-0.00032802
-246.09999998	-0.00036854
-246.06666664	-0.00053480
-246.03333331	-0.00051306
-245.99999998	-0.00041303
-245.96666664	-0.00063179
-245.93333331	-0.00041392
-245.89999997	-0.00066727
-245.86666664	-0.00046583
-245.83333331	-0.00066426
-245.79999997	-0.00061869
-245.76666664	-0.00076645
-245.73333331	-0.00082397
-245.69999997	-0.00081944
-245.66666664	-0.00056796
-245.63333331	-0.00062868
-245.59999997	-0.00074654
-245.56666664	-0.00073785
-245.53333331	-0.00087367
-245.49999997	-0.00121017
-245.46666664	-0.00080781
-245.43333331	-0.00084982
-245.39999997	-0.00078372
-245.36666664	-0.00097389
-245.33333331	-0.00104106
-245.29999997	-0.00125523
-245.26666664	-0.00123085
-245.23333331	-0.00114343
-245.19999997	-0.00122845
-245.16666664	-0.00110549
-245.13333330	-0.00116492
-245.09999997	-0.00120205
-245.06666664	-0.00112803
-245.03333330	-0.00097575
-244.99999997	-0.00121509
-244.96666664	-0.00130207
-244.93333330	-0.00094039
-244.89999997	-0.00100439
-244.86666664	-0.00102311
-244.83333330	-0.00106512
-244.79999997	-0.00116099
-244.76666664	-0.00092052
-244.73333330	-0.00092128
-244.69999997	-0.00103779
-244.66666664	-0.00099756
-244.63333330	-0.00090709
-244.59999997	-0.00108745
-244.56666664	-0.00115497
-244.53333330	-0.00104225
-244.49999997	-0.00087993
-244.46666664	-0.00100193
-244.43333330	-0.00090432
-244.39999997	-0.00086678
-244.36666663	-0.00077274
-244.33333330	-0.00088779
-244.29999997	-0.00079799
-244.26666663	-0.00071248
-244.23333330	-0.00063394
-244.19999997	-0.00080819
-244.16666663	-0.00058104
-244.13333330	-0.00063913
-244.09999997	-0.00076983
-244.06666663	-0.00071328
-244.03333330	-0.00054257
-243.99999997	-0.00060470
-243.96666663	-0.00063630
-243.93333330	-0.00064638
-243.89999997	-0.00041393
-243.86666663	-0.00056974
-243.83333330	-0.00052201
-243.79999997	-0.00059148
-243.76666663	-0.00044999
-243.73333330	-0.00066637
-243.69999997	-0.00051800
-243.66666663	-0.00039502
-243.63333330	-0.00042224
-243.59999996	-0.00021269
-243.56666663	-0.00021758
-243.53333330	-0.00020722
-243.49999996	-0.00015320
-243.46666663	-0.00020071
-243.43333330	-0.00000056
-243.39999996	-0.00017638
-243.36666663	0.00001840
-243.33333330	-0.00023462
-243.29999996	-0.00006310
-243.26666663	-0.00008001
-243.23333330	-0.00002695
-243.19999996	-0.00012581
-243.16666663	-0.00002129
-243.13333330	-0.00012227
-243.09999996	0.00002598
-243.06666663	0.00022845
-243.03333330	0.00016845
-242.99999996	0.00024499
-242.96666663	0.00012406
-242.93333330	0.00014560
-242.89999996	0.00031403
-242.86666663	0.00027814
-242.83333329	0.00023415
-242.79999996	0.00018958
-242.76666663	0.00038723
-242.73333329	0.00031545
-242.69999996	0.00063205
-242.66666663	0.00029842
-242.63333329	0.00017573
-242.59999996	0.00058554
-242.56666663	0.00041508
-242.53333329	0.00045953
-242.49999996	0.00054507
-242.46666663	0.00058186
-242.43333329	0.00069711
-242.39999996	0.00058128
-242.36666663	0.00072379
-242.33333329	0.00053494
-242.29999996	0.00056291
-242.26666663	0.00083355
-242.23333329	0.00061583
-242.19999996	0.00055098
-242.16666663	0.00069117
-242.13333329	0.00060871
-242.09999996	0.00091350
-242.06666662	0.00099863
-242.03333329	0.00080332
-241.99999996	0.00087233
-241.96666662	0.00095802
-241.93333329	0.00087252
-241.89999996	0.00116107
-241.86666662	0.00093383
-241.83333329	0.00097340
-241.79999996	0.00100349
-241.76666662	0.00140119
-241.73333329	0.00099473
-241.69999996	0.00115217
-241.66666662	0.00116515
-241.63333329	0.00124519
-241.59999996	0.00124128
-241.56666662	0.00132054
-241.53333329	0.00157830
-241.49999996	0.00153913
-241.46666662	0.00153936
-241.43333329	0.00124853
-241.39999996	0.00159125
-241.36666662	0.00172891
-241.33333329	0.00150325
-241.29999995	0.00169023
-241.26666662	0.00172999
-241.23333329	0.00175673
-241.19999995	0.00179150
-241.16666662	0.00176876
-241.13333329	0.00179499
-241.09999995	0.00202154
-241.06666662	0.00208740
-241.03333329	0.00197037
-240.99999995	0.00208977
-240.96666662	0.00222188
-240.93333329	0.00227867
-240.89999995	0.00228760
-240.86666662	0.00218082
-240.83333329	0.00249131
-240.79999995	0.00242558
-240.76666662	0.00255332
-240.73333329	0.00248433
-240.69999995	0.00258341
-240.66666662	0.00305394
-240.63333329	0.00293928
-240.59999995	0.00284836
-240.56666662	0.00305533
-240.53333328	0.00316525
-240.49999995	0.00313841
-240.46666662	0.00321407
-240.43333328	0.00329540
-240.39999995	0.00327453
-240.36666662	0.00337101
-240.33333328	0.00333526
-240.29999995	0.00322109
-240.26666662	0.00325392
-240.23333328	0.00335544
-240.19999995	0.00317703
-240.16666662	0.00300834
-240.13333328	0.00282526
-240.09999995	0.00223838
-240.06666662	0.00168771
-240.03333328	0.00159848
-239.99999995	0.00102563
-239.96666662	0.00044543
-239.93333328	-0.00001375
-239.89999995	-0.00038791
-239.86666662	-0.00074319
-239.83333328	-0.00132224
-239.79999995	-0.00168885
-239.76666661	-0.00211422
-239.73333328	-0.00253298
-239.69999995	-0.00262917
-239.66666661	-0.00267386
-239.63333328	-0.00259635
-239.59999995	-0.00293406
-239.56666661	-0.00261303
-239.53333328	-0.00243164
-239.49999995	-0.00209443
-239.46666661	-0.00190928
-239.43333328	-0.00172142
-239.39999995	-0.00142432
-239.36666661	-0.00053878
-239.33333328	-0.00023619
-239.29999995	-0.00013892
-239.26666661	0.00067696
-239.23333328	0.00087225
-239.19999995	0.00138586
-239.16666661	0.00156118
-239.13333328	0.00213751
-239.09999995	0.00243703
-239.06666661	0.00292207
-239.03333328	0.00325994
-238.99999994	0.00369382
-238.96666661	0.00393850
-238.93333328	0.00431641
-238.89999994	0.00427892
-238.86666661	0.00430137
-238.83333328	0.00449688
-238.79999994	0.00444322
-238.76666661	0.00434788
-238.73333328	0.00400282
-238.69999994	0.00387718
-238.66666661	0.00375203
-238.63333328	0.00347365
-238.59999994	0.00319053
-238.56666661	0.00263500
-238.53333328	0.00263666
-238.49999994	0.00200273
-238.46666661	0.00159272
-238.43333328	0.00151438
-238.39999994	0.00117376
-238.36666661	0.00089582
-238.33333328	0.00111895
-238.29999994	0.00134607
-238.26666661	0.00137619
-238.23333327	0.00172274
-238.19999994	0.00246933
-238.16666661	0.00292517
-238.13333327	0.00335962
-238.09999994	0.00396670
-238.06666661	0.00467140
-238.03333327	0.00570645
-237.99999994	0.00615424
-237.96666661	0.00668002
-237.93333327	0.00721126
-237.89999994	0.00802670
-237.86666661	0.00859760
-237.83333327	0.00914907
-237.79999994	0.00937416
-237.76666661	0.00938791
-237.73333327	0.01017822
-237.69999994	0.01014895
-237.66666661	0.01051449
-237.63333327	0.01071980
-237.59999994	0.01083824
-237.56666661	0.01081210
-237.53333327	0.01107543
-237.49999994	0.01079360
-237.46666660	0.01089226
-237.43333327	0.01090919
-237.39999994	0.01103552
-237.36666660	0.01079504
-237.33333327	0.01085326
-237.29999994	0.01067185
-237.26666660	0.01077217
-237.23333327	0.01103838
-237.19999994	0.01084242
-237.16666660	0.01107399
-237.13333327	0.01091484
-237.09999994	0.01090657
-237.06666660	0.01101561
-237.03333327	0.01097625
-236.99999994	0.01119078
-236.96666660	0.01135846
-236.93333327	0.01141206
-236.89999994	0.01168224
-236.86666660	0.01171152
-236.83333327	0.01184720
-236.79999994	0.01211135
-236.76666660	0.01229668
-236.73333327	0.01257409
-236.69999993	0.01285703
-236.66666660	0.01300258
-236.63333327	0.01321097
-236.59999993	0.01323058
-236.56666660	0.01353425
-236.53333327	0.01366468
-236.49999993	0.01350091
-236.46666660	0.01389869
-236.43333327	0.01401652
-236.39999993	0.01417042
-236.36666660	0.01394596
-236.33333327	0.01412100
-236.29999993	0.01399678
-236.26666660	0.01404106
-236.23333327	0.01404658
-236.19999993	0.01396690
-236.16666660	0.01383906
-236.13333327	0.01385008
-236.09999993	0.01379655
-236.06666660	0.01338765
-236.03333327	0.01308531
-235.99999993	0.01320180
-235.96666660	0.01299706
-235.93333326	0.01305796
-235.89999993	0.01278159
-235.86666660	0.01266910
-235.83333326	0.01252618
-235.79999993	0.01260696
-235.76666660	0.01234441
-235.73333326	0.01228227
-235.69999993	0.01261273
-235.66666660	0.01226847
-235.63333326	0.01248467
-235.59999993	0.01258928
-235.56666660	0.01241541
-235.53333326	0.01251662
-235.49999993	0.01266625
-235.46666660	0.01254005
-235.43333326	0.01265080
-235.39999993	0.01259028
-235.36666660	0.01278529
-235.33333326	0.01279402
-235.29999993	0.01288784
-235.26666660	0.01301148
-235.23333326	0.01317262
-235.19999993	0.01352286
-235.16666659	0.01398193
-235.13333326	0.01402429
-235.09999993	0.01489689
-235.06666659	0.01516560
-235.03333326	0.01549059
-234.99999993	0.01612384
-234.96666659	0.01668487
-234.93333326	0.01731404
-234.89999993	0.01802619
-234.86666659	0.01875257
-234.83333326	0.01929399
-234.79999993	0.01984236
-234.76666659	0.02086574
-234.73333326	0.02149699
-234.69999993	0.02222436
-234.66666659	0.02271974
-234.63333326	0.02348338
-234.59999993	0.02421488
-234.56666659	0.02506299
-234.53333326	0.02556862
-234.49999993	0.02648884
-234.46666659	0.02705886
-234.43333326	0.02802745
-234.39999992	0.02866554
-234.36666659	0.02966867
-234.33333326	0.03077558
-234.29999992	0.03144871
-234.26666659	0.03250577
-234.23333326	0.03369081
-234.19999992	0.03459481
-234.16666659	0.03589428
-234.13333326	0.03676224
-234.09999992	0.03804178
-234.06666659	0.03923059
-234.03333326	0.04037898
-233.99999992	0.04149410
-233.96666659	0.04268825
-233.93333326	0.04410648
-233.89999992	0.04546664
-233.86666659	0.04670275
-233.83333326	0.04780358
-233.79999992	0.04952770
-233.76666659	0.05084117
-233.73333326	0.05225305
-233.69999992	0.05397440
-233.66666659	0.05541690
-233.63333325	0.05674640
-233.59999992	0.05888300
-233.56666659	0.06037067
-233.53333325	0.06167749
-233.49999992	0.06332743
-233.46666659	0.06494052
-233.43333325	0.06634334
-233.39999992	0.06772250
-233.36666659	0.06912867
-233.33333325	0.07037480
-233.29999992	0.07177453
-233.26666659	0.07272828
-233.23333325	0.07355759
-233.19999992	0.07426051
-233.16666659	0.07461352
-233.13333325	0.07457188
-233.09999992	0.07388193
-233.06666659	0.07312399
-233.03333325	0.07130391
-232.99999992	0.06876780
-232.96666659	0.06518127
-232.93333325	0.06030856
-232.89999992	0.05441360
-232.86666658	0.04660758
-232.83333325	0.03676493
-232.79999992	0.02480928
-232.76666658	0.00972645
-232.73333325	-0.00846435
-232.69999992	-0.03066656
-232.66666658	-0.05728500
-232.63333325	-0.08936354
-232.59999992	-0.12819692
-232.56666658	-0.17522032
-232.53333325	-0.23132871
-232.49999992	-0.29823572
-232.46666658	-0.37792392
-232.43333325	-0.47159251
-232.39999992	-0.58022427
-232.36666658	-0.70422245
-232.33333325	-0.84239667
-232.29999992	-0.99239525
-232.26666658	-1.15024147
-232.23333325	-1.31082921
-232.19999992	-1.46730007
-232.16666658	-1.61243358
-232.13333325	-1.73951633
-232.09999991	-1.84165622
-232.06666658	-1.91413371
-232.03333325	-1.95377879
-231.99999991	-1.95893293
-231.96666658	-1.92968569
-231.93333325	-1.86685373
-231.89999991	-1.77235793
-231.86666658	-1.64870187
-231.83333325	-1.49746667
-231.79999991	-1.32253189
-231.76666658	-1.12790860
-231.73333325	-0.91849174
-231.69999991	-0.69795503
-231.66666658	-0.47261544
-231.63333325	-0.24613076
-231.59999991	-0.02279268
-231.56666658	0.19366998
-231.53333325	0.39925827
-231.49999991	0.59115588
-231.46666658	0.76604043
-231.43333325	0.92178660
-231.39999991	1.05711031
-231.36666658	1.17228414
-231.33333324	1.26878152
-231.29999991	1.34892354
-231.26666658	1.41454578
-231.23333324	1.46704927
-231.19999991	1.50752469
-231.16666658	1.53714226
-231.13333324	1.55568411
-231.09999991	1.56405993
-231.06666658	1.56236596
-231.03333324	1.55107850
-230.99999991	1.53010722
-230.96666658	1.49961507
-230.93333324	1.45976480
-230.89999991	1.41168771
-230.86666658	1.35544548
-230.83333324	1.29290461
-230.79999991	1.22491773
-230.76666658	1.15339649
-230.73333324	1.08024787
-230.69999991	1.00720075
-230.66666658	0.93606316
-230.63333324	0.86803933
-230.59999991	0.80355666
-230.56666657	0.74410162
-230.53333324	0.68875784
-230.49999991	0.63788872
-230.46666657	0.59089566
-230.43333324	0.54665582
-230.39999991	0.50490702
-230.36666657	0.46464881
-230.33333324	0.42479653
-230.29999991	0.38490673
-230.26666657	0.34368328
-230.23333324	0.30066318
-230.19999991	0.25585047
-230.16666657	0.20919863
-230.13333324	0.16236683
-230.09999991	0.11523982
-230.06666657	0.06891536
-230.03333324	0.02402022
-229.99999991	-0.01837916
-229.96666657	-0.05852995
-229.93333324	-0.09573153
-229.89999991	-0.12996987
-229.86666657	-0.16080333
-229.83333324	-0.18825675
-229.79999990	-0.21128276
-229.76666657	-0.23057371
-229.73333324	-0.24539628
-229.69999990	-0.25635798
-229.66666657	-0.26300073
-229.63333324	-0.26692301
-229.59999990	-0.26757424
-229.56666657	-0.26718936
-229.53333324	-0.26564442
-229.49999990	-0.26310499
-229.46666657	-0.26068289
-229.43333324	-0.25844651
-229.39999990	-0.25700303
-229.36666657	-0.25638789
-229.33333324	-0.25616345
-229.29999990	-0.25685531
-229.26666657	-0.25725236
-229.23333324	-0.25779498
-229.19999990	-0.25777328
-229.16666657	-0.25713516
-229.13333324	-0.25680523
-229.09999990	-0.25697748
-229.06666657	-0.25736947
-229.03333323	-0.25699599
-228.99999990	-0.25627594
-228.96666657	-0.25478082
-228.93333323	-0.25183287
-228.89999990	-0.24738503
-228.86666657	-0.24191916
-228.83333323	-0.23508136
-228.79999990	-0.22668837
-228.76666657	-0.21689928
-228.73333323	-0.20572220
-228.69999990	-0.19314861
-228.66666657	-0.17880282
-228.63333323	-0.16386557
-228.59999990	-0.14847547
-228.56666657	-0.13300699
-228.53333323	-0.11834715
-228.49999990	-0.10499433
-228.46666657	-0.09409938
-228.43333323	-0.08520493
-228.39999990	-0.07907048
-228.36666657	-0.07518100
-228.33333323	-0.07303495
-228.29999990	-0.07218279
-228.26666656	-0.07231424
-228.23333323	-0.07239701
-228.19999990	-0.07283579
-228.16666656	-0.07233837
-228.13333323	-0.07053298
-228.09999990	-0.06698870
-228.06666656	-0.06163951
-228.03333323	-0.05540268
-227.99999990	-0.04769784
-227.96666656	-0.04010212
-227.93333323	-0.03284652
-227.89999990	-0.02547996
-227.86666656	-0.01857006
-227.83333323	-0.01209329
-227.79999990	-0.00610507
-227.76666656	-0.00108692
-227.73333323	0.00300070
-227.69999990	0.00532607
-227.66666656	0.00669147
-227.63333323	0.00643913
-227.59999990	0.00474667
-227.56666656	0.00187404
-227.53333323	-0.00255361
-227.49999989	-0.00834988
-227.46666656	-0.01521922
-227.43333323	-0.02216418
-227.39999989	-0.02911018
-227.36666656	-0.03561776
-227.33333323	-0.04082083
-227.29999989	-0.04478548
-227.26666656	-0.04749738
-227.23333323	-0.04901787
-227.19999989	-0.04897485
-227.16666656	-0.04836750
-227.13333323	-0.04736125
-227.09999989	-0.04646933
-227.06666656	-0.04544064
-227.03333323	-0.04436003
-226.99999989	-0.04237664
-226.96666656	-0.03907299
-226.93333323	-0.03436237
-226.89999989	-0.02813934
-226.86666656	-0.02073017
-226.83333323	-0.01314678
-226.79999989	-0.00609724
-226.76666656	0.00030841
-226.73333322	0.00578170
-226.69999989	0.01046786
-226.66666656	0.01478218
-226.63333322	0.01890789
-226.59999989	0.02250672
-226.56666656	0.02599366
-226.53333322	0.02854429
-226.49999989	0.03064643
-226.46666656	0.03216086
-226.43333322	0.03265598
-226.39999989	0.03303284
-226.36666656	0.03220918
-226.33333322	0.03013976
-226.29999989	0.02678470
-226.26666656	0.02251769
-226.23333322	0.01756734
-226.19999989	0.01230171
-226.16666656	0.00755436
-226.13333322	0.00249239
-226.09999989	-0.00212706
-226.06666656	-0.00741054
-226.03333322	-0.01235867
-225.99999989	-0.01722630
-225.96666655	-0.02146306
-225.93333322	-0.02442719
-225.89999989	-0.02641674
-225.86666655	-0.02712298
-225.83333322	-0.02675273
-225.79999989	-0.02685990
-225.76666655	-0.02627454
-225.73333322	-0.02601891
-225.69999989	-0.02531927
-225.66666655	-0.02453795
-225.63333322	-0.02324697
-225.59999989	-0.02205161
-225.56666655	-0.02117498
-225.53333322	-0.02061375
-225.49999989	-0.02023470
-225.46666655	-0.01983536
-225.43333322	-0.01883238
-225.39999989	-0.01748747
-225.36666655	-0.01524914
-225.33333322	-0.01280035
-225.29999989	-0.01050991
-225.26666655	-0.00912002
-225.23333322	-0.00847950
-225.19999989	-0.00812109
-225.16666655	-0.00851886
-225.13333322	-0.00791733
-225.09999988	-0.00697236
-225.06666655	-0.00504685
-225.03333322	-0.00311340
-224.99999988	-0.00162716
-224.96666655	-0.00111002
-224.93333322	-0.00143463
-224.89999988	-0.00279744
-224.86666655	-0.00519117
-224.83333322	-0.00873245
-224.79999988	-0.01294106
-224.76666655	-0.01888266
-224.73333322	-0.02556268
-224.69999988	-0.03297438
-224.66666655	-0.04044161
-224.63333322	-0.04764191
-224.59999988	-0.05431743
-224.56666655	-0.06066434
-224.53333322	-0.06642173
-224.49999988	-0.07148515
-224.46666655	-0.07596534
-224.43333322	-0.07906724
-224.39999988	-0.08163633
-224.36666655	-0.08228739
-224.33333321	-0.08132263
-224.29999988	-0.07926037
-224.26666655	-0.07618833
-224.23333321	-0.07282535
-224.19999988	-0.06896121
-224.16666655	-0.06553385
-224.13333321	-0.06213408
-224.09999988	-0.05847966
-224.06666655	-0.05467119
-224.03333321	-0.05034869
-223.99999988	-0.04503410
-223.96666655	-0.03931539
-223.93333321	-0.03252573
-223.89999988	-0.02520785
-223.86666655	-0.01715287
-223.83333321	-0.00917441
-223.79999988	-0.00100589
-223.76666655	0.00679679
-223.73333321	0.01344058
-223.69999988	0.01899908
-223.66666655	0.02339711
-223.63333321	0.02705912
-223.59999988	0.02957782
-223.56666654	0.03165448
-223.53333321	0.03340629
-223.49999988	0.03518168
-223.46666654	0.03631263
-223.43333321	0.03696878
-223.39999988	0.03709763
-223.36666654	0.03678496
-223.33333321	0.03579600
-223.29999988	0.03472105
-223.26666654	0.03339941
-223.23333321	0.03219971
-223.19999988	0.03055182
-223.16666654	0.02927066
-223.13333321	0.02829341
-223.09999988	0.02756892
-223.06666654	0.02733335
-223.03333321	0.02777275
-222.99999988	0.02863729
-222.96666654	0.02988392
-222.93333321	0.03077471
-222.89999988	0.03089352
-222.86666654	0.02976801
-222.83333321	0.02760380
-222.79999987	0.02341613
-222.76666654	0.01759675
-222.73333321	0.01014234
-222.69999987	0.00131597
-222.66666654	-0.00906886
-222.63333321	-0.01959461
-222.59999987	-0.03096753
-222.56666654	-0.04237018
-222.53333321	-0.05320987
-222.49999987	-0.06320721
-222.46666654	-0.07229629
-222.43333321	-0.08014502
-222.39999987	-0.08678079
-222.36666654	-0.09176382
-222.33333321	-0.09526680
-222.29999987	-0.09676857
-222.26666654	-0.09651317
-222.23333321	-0.09401252
-222.19999987	-0.08911051
-222.16666654	-0.08248893
-222.13333321	-0.07355862
-222.09999987	-0.06305295
-222.06666654	-0.05119721
-222.03333320	-0.03876026
-221.99999987	-0.02615970
-221.96666654	-0.01430504
-221.93333320	-0.00307809
-221.89999987	0.00752456
-221.86666654	0.01689332
-221.83333320	0.02532246
-221.79999987	0.03293512
-221.76666654	0.04008258
-221.73333320	0.04650051
-221.69999987	0.05248025
-221.66666654	0.05719226
-221.63333320	0.06086499
-221.59999987	0.06375812
-221.56666654	0.06571478
-221.53333320	0.06684470
-221.49999987	0.06700828
-221.46666654	0.06730464
-221.43333320	0.06668371
-221.39999987	0.06602389
-221.36666654	0.06514009
-221.33333320	0.06394993
-221.29999987	0.06226778
-221.26666653	0.06047409
-221.23333320	0.05783185
-221.19999987	0.05517988
-221.16666653	0.05209507
-221.13333320	0.04898051
-221.09999987	0.04542783
-221.06666653	0.04187071
-221.03333320	0.03786808
-220.99999987	0.03325793
-220.96666653	0.02856725
-220.93333320	0.02342533
-220.89999987	0.01790965
-220.86666653	0.01312004
-220.83333320	0.00812742
-220.79999987	0.00402357
-220.76666653	-0.00068832
-220.73333320	-0.00573276
-220.69999987	-0.01081422
-220.66666653	-0.01667057
-220.63333320	-0.02222109
-220.59999987	-0.02779190
-220.56666653	-0.03275051
-220.53333320	-0.03701135
-220.49999986	-0.04038150
-220.46666653	-0.04278024
-220.43333320	-0.04397615
-220.39999986	-0.04415969
-220.36666653	-0.04295819
-220.33333320	-0.04024692
-220.29999986	-0.03667045
-220.26666653	-0.03199542
-220.23333320	-0.02648841
-220.19999986	-0.01999657
-220.16666653	-0.01335182
-220.13333320	-0.00618475
-220.09999986	0.00100662
-220.06666653	0.00777969
-220.03333320	0.01392486
-219.99999986	0.01939288
-219.96666653	0.02350805
-219.93333320	0.02604620
-219.89999986	0.02659898
-219.86666653	0.02545714
-219.83333320	0.02325465
-219.79999986	0.01976409
-219.76666653	0.01537640
-219.73333319	0.01126796
-219.69999986	0.00706002
-219.66666653	0.00395643
-219.63333319	0.00090626
-219.59999986	-0.00094084
-219.56666653	-0.00167918
-219.53333319	-0.00184811
-219.49999986	-0.00099243
-219.46666653	0.00052885
-219.43333319	0.00338451
-219.39999986	0.00637917
-219.36666653	0.01042972
-219.33333319	0.01457021
-219.29999986	0.01804964
-219.26666653	0.02057405
-219.23333319	0.02237837
-219.19999986	0.02315633
-219.16666653	0.02241598
-219.13333319	0.02095577
-219.09999986	0.01852701
-219.06666653	0.01606860
-219.03333319	0.01290064
-218.99999986	0.00962606
-218.96666652	0.00595727
-218.93333319	0.00248805
-218.89999986	-0.00069756
-218.86666652	-0.00355753
-218.83333319	-0.00583918
-218.79999986	-0.00782545
-218.76666652	-0.00961521
-218.73333319	-0.01113713
-218.69999986	-0.01243095
-218.66666652	-0.01310123
-218.63333319	-0.01393836
-218.59999986	-0.01394733
-218.56666652	-0.01336987
-218.53333319	-0.01233863
-218.49999986	-0.01039507
-218.46666652	-0.00811444
-218.43333319	-0.00553521
-218.39999986	-0.00274706
-218.36666652	-0.00059867
-218.33333319	0.00202261
-218.29999986	0.00357512
-218.26666652	0.00428472
-218.23333319	0.00469137
-218.19999985	0.00407176
-218.16666652	0.00254960
-218.13333319	0.00058442
-218.09999985	-0.00139334
-218.06666652	-0.00430531
-218.03333319	-0.00732478
-217.99999985	-0.00994730
-217.96666652	-0.01272251
-217.93333319	-0.01508308
-217.89999985	-0.01626784
-217.86666652	-0.01714230
-217.83333319	-0.01693184
-217.79999985	-0.01556419
-217.76666652	-0.01319974
-217.73333319	-0.00970749
-217.69999985	-0.00555655
-217.66666652	-0.00109919
-217.63333319	0.00330182
-217.59999985	0.00718607
-217.56666652	0.01041090
-217.53333319	0.01261336
-217.49999985	0.01403384
-217.46666652	0.01487605
-217.43333318	0.01438455
-217.39999985	0.01369755
-217.36666652	0.01191501
-217.33333318	0.00974882
-217.29999985	0.00708743
-217.26666652	0.00367858
-217.23333318	-0.00016159
-217.19999985	-0.00404954
-217.16666652	-0.00883474
-217.13333318	-0.01404368
-217.09999985	-0.01982127
-217.06666652	-0.02581289
-217.03333318	-0.03194347
-216.99999985	-0.03797706
-216.96666652	-0.04302051
-216.93333318	-0.04742896
-216.89999985	-0.05026818
-216.86666652	-0.05161318
-216.83333318	-0.05164128
-216.79999985	-0.05038156
-216.76666652	-0.04772915
-216.73333318	-0.04363217
-216.69999985	-0.03888818
-216.66666651	-0.03296839
-216.63333318	-0.02696978
-216.59999985	-0.02040276
-216.56666651	-0.01461054
-216.53333318	-0.00915583
-216.49999985	-0.00410198
-216.46666651	-0.00000797
-216.43333318	0.00351542
-216.39999985	0.00574988
-216.36666651	0.00730583
-216.33333318	0.00780803
-216.29999985	0.00719700
-216.26666651	0.00535156
-216.23333318	0.00318984
-216.19999985	0.00014239
-216.16666651	-0.00222318
-216.13333318	-0.00383904
-216.09999985	-0.00459252
-216.06666651	-0.00345772
-216.03333318	-0.00093161
-215.99999985	0.00274116
-215.96666651	0.00736794
-215.93333318	0.01293253
-215.89999984	0.01824974
-215.86666651	0.02326715
-215.83333318	0.02788222
-215.79999984	0.03124482
-215.76666651	0.03379385
-215.73333318	0.03491667
-215.69999984	0.03493005
-215.66666651	0.03369774
-215.63333318	0.03139325
-215.59999984	0.02795803
-215.56666651	0.02380716
-215.53333318	0.01852297
-215.49999984	0.01213788
-215.46666651	0.00520065
-215.43333318	-0.00255039
-215.39999984	-0.01070054
-215.36666651	-0.01854784
-215.33333318	-0.02534925
-215.29999984	-0.03138610
-215.26666651	-0.03571688
-215.23333318	-0.03864467
-215.19999984	-0.03966169
-215.16666651	-0.03924976
-215.13333317	-0.03682480
-215.09999984	-0.03438004
-215.06666651	-0.03033640
-215.03333317	-0.02597027
-214.99999984	-0.02118547
-214.96666651	-0.01604560
-214.93333317	-0.01177509
-214.89999984	-0.00717119
-214.86666651	-0.00339294
-214.83333317	0.00004636
-214.79999984	0.00288189
-214.76666651	0.00591707
-214.73333317	0.00786350
-214.69999984	0.00995404
-214.66666651	0.01182957
-214.63333317	0.01339345
-214.59999984	0.01371856
-214.56666651	0.01348660
-214.53333317	0.01185108
-214.49999984	0.01003878
-214.46666651	0.00770836
-214.43333317	0.00519648
-214.39999984	0.00284773
-214.36666650	0.00074698
-214.33333317	-0.00034925
-214.29999984	-0.00047500
-214.26666650	0.00057277
-214.23333317	0.00231549
-214.19999984	0.00515496
-214.16666650	0.00840484
-214.13333317	0.01233009
-214.09999984	0.01658902
-214.06666650	0.02026927
-214.03333317	0.02353375
-213.99999984	0.02650202
-213.96666650	0.02876297
-213.93333317	0.03014584
-213.89999984	0.03063746
-213.86666650	0.03048033
-213.83333317	0.02954770
-213.79999984	0.02787052
-213.76666650	0.02544402
-213.73333317	0.02246242
-213.69999984	0.01883236
-213.66666650	0.01518087
-213.63333317	0.01128792
-213.59999983	0.00737569
-213.56666650	0.00359129
-213.53333317	0.00000380
-213.49999983	-0.00361546
-213.46666650	-0.00704969
-213.43333317	-0.01003372
-213.39999983	-0.01276791
-213.36666650	-0.01520861
-213.33333317	-0.01693061
-213.29999983	-0.01824211
-213.26666650	-0.01880929
-213.23333317	-0.01893871
-213.19999983	-0.01896759
-213.16666650	-0.01820280
-213.13333317	-0.01699856
-213.09999983	-0.01567925
-213.06666650	-0.01442456
-213.03333317	-0.01280774
-212.99999983	-0.01166893
-212.96666650	-0.01116941
-212.93333317	-0.01067660
-212.89999983	-0.01103636
-212.86666650	-0.01172798
-212.83333316	-0.01305223
-212.79999983	-0.01432542
-212.76666650	-0.01579216
-212.73333316	-0.01801553
-212.69999983	-0.01956481
-212.66666650	-0.02111377
-212.63333316	-0.02230385
-212.59999983	-0.02298095
-212.56666650	-0.02314782
-212.53333316	-0.02155892
-212.49999983	-0.01906917
-212.46666650	-0.01556120
-212.43333316	-0.01085680
-212.39999983	-0.00565791
-212.36666650	-0.00018471
-212.33333316	0.00511648
-212.29999983	0.00958309
-212.26666650	0.01319305
-212.23333316	0.01591260
-212.19999983	0.01750085
-212.16666650	0.01765551
-212.13333316	0.01700659
-212.09999983	0.01500941
-212.06666649	0.01200255
-212.03333316	0.00840242
-211.99999983	0.00401271
-211.96666649	-0.00090167
-211.93333316	-0.00548348
-211.89999983	-0.01033947
-211.86666649	-0.01430402
-211.83333316	-0.01799622
-211.79999983	-0.02120513
-211.76666649	-0.02405077
-211.73333316	-0.02664255
-211.69999983	-0.02840013
-211.66666649	-0.02931834
-211.63333316	-0.02940931
-211.59999983	-0.02888979
-211.56666649	-0.02758745
-211.53333316	-0.02587022
-211.49999983	-0.02405998
-211.46666649	-0.02199803
-211.43333316	-0.02054914
-211.39999983	-0.01920771
-211.36666649	-0.01789435
-211.33333316	-0.01706508
-211.29999982	-0.01644946
-211.26666649	-0.01613323
-211.23333316	-0.01604161
-211.19999982	-0.01575286
-211.16666649	-0.01522534
-211.13333316	-0.01436178
-211.09999982	-0.01286705
-211.06666649	-0.01100830
-211.03333316	-0.00901892
-210.99999982	-0.00636394
-210.96666649	-0.00390321
-210.93333316	-0.00114510
-210.89999982	0.00112375
-210.86666649	0.00346743
-210.83333316	0.00526899
-210.79999982	0.00704472
-210.76666649	0.00834910
-210.73333316	0.00965428
-210.69999982	0.01048564
-210.66666649	0.01074292
-210.63333316	0.01093490
-210.59999982	0.01080050
-210.56666649	0.01028154
-210.53333315	0.00962657
-210.49999982	0.00910923
-210.46666649	0.00753397
-210.43333315	0.00614578
-210.39999982	0.00460154
-210.36666649	0.00274534
-210.33333315	0.00066003
-210.29999982	-0.00098690
-210.26666649	-0.00276048
-210.23333315	-0.00435513
-210.19999982	-0.00575034
-210.16666649	-0.00715558
-210.13333315	-0.00886144
-210.09999982	-0.01037641
-210.06666649	-0.01209388
-210.03333315	-0.01379290
-209.99999982	-0.01534409
-209.96666649	-0.01658235
-209.93333315	-0.01794769
-209.89999982	-0.01922664
-209.86666649	-0.02054702
-209.83333315	-0.02141956
-209.79999982	-0.02207463
-209.76666648	-0.02247057
-209.73333315	-0.02164009
-209.69999982	-0.02023611
-209.66666648	-0.01807064
-209.63333315	-0.01568007
-209.59999982	-0.01274143
-209.56666648	-0.01036467
-209.53333315	-0.00779249
-209.49999982	-0.00540569
-209.46666648	-0.00349647
-209.43333315	-0.00161200
-209.39999982	-0.00004602
-209.36666648	0.00161505
-209.33333315	0.00271231
-209.29999982	0.00390493
-209.26666648	0.00476184
-209.23333315	0.00514125
-209.19999982	0.00568843
-209.16666648	0.00582573
-209.13333315	0.00578987
-209.09999982	0.00591876
-209.06666648	0.00610402
-209.03333315	0.00645460
-208.99999981	0.00682956
-208.96666648	0.00815443
-208.93333315	0.00994300
-208.89999981	0.01161547
-208.86666648	0.01371551
-208.83333315	0.01577384
-208.79999981	0.01773593
-208.76666648	0.01929004
-208.73333315	0.02109790
-208.69999981	0.02212147
-208.66666648	0.02263010
-208.63333315	0.02260104
-208.59999981	0.02222348
-208.56666648	0.02122125
-208.53333315	0.01991472
-208.49999981	0.01826864
-208.46666648	0.01627995
-208.43333315	0.01422767
-208.39999981	0.01266411
-208.36666648	0.01100374
-208.33333315	0.00960171
-208.29999981	0.00862822
-208.26666648	0.00794342
-208.23333314	0.00721848
-208.19999981	0.00683628
-208.16666648	0.00602657
-208.13333314	0.00553182
-208.09999981	0.00469881
-208.06666648	0.00399182
-208.03333314	0.00328247
-207.99999981	0.00269614
-207.96666648	0.00211218
-207.93333314	0.00123748
-207.89999981	0.00032070
-207.86666648	-0.00097038
-207.83333314	-0.00242431
-207.79999981	-0.00368275
-207.76666648	-0.00514621
-207.73333314	-0.00636099
-207.69999981	-0.00765279
-207.66666648	-0.00824317
-207.63333314	-0.00866811
-207.59999981	-0.00853959
-207.56666648	-0.00833133
-207.53333314	-0.00767509
-207.49999981	-0.00680932
-207.46666647	-0.00540045
-207.43333314	-0.00364363
-207.39999981	-0.00126324
-207.36666647	0.00150157
-207.33333314	0.00454829
-207.29999981	0.00817638
-207.26666647	0.01176849
-207.23333314	0.01532984
-207.19999981	0.01870590
-207.16666647	0.02202970
-207.13333314	0.02511085
-207.09999981	0.02745741
-207.06666647	0.02930021
-207.03333314	0.03047539
-206.99999981	0.03061238
-206.96666647	0.03018712
-206.93333314	0.02954840
-206.89999981	0.02888361
-206.86666647	0.02793844
-206.83333314	0.02726146
-206.79999981	0.02702580
-206.76666647	0.02676876
-206.73333314	0.02713202
-206.69999980	0.02803519
-206.66666647	0.02823040
-206.63333314	0.02888276
-206.59999980	0.02903113
-206.56666647	0.02865302
-206.53333314	0.02742553
-206.49999980	0.02520736
-206.46666647	0.02264826
-206.43333314	0.01940159
-206.39999980	0.01591778
-206.36666647	0.01280711
-206.33333314	0.00952913
-206.29999980	0.00610172
-206.26666647	0.00286622
-206.23333314	-0.00029704
-206.19999980	-0.00342088
-206.16666647	-0.00608128
-206.13333314	-0.00914791
-206.09999980	-0.01140779
-206.06666647	-0.01373895
-206.03333314	-0.01518243
-205.99999980	-0.01629233
-205.96666647	-0.01662988
-205.93333313	-0.01612262
-205.89999980	-0.01442105
-205.86666647	-0.01232794
-205.83333313	-0.00925816
-205.79999980	-0.00590137
-205.76666647	-0.00213279
-205.73333313	0.00123866
-205.69999980	0.00458738
-205.66666647	0.00718672
-205.63333313	0.00972237
-205.59999980	0.01226796
-205.56666647	0.01475152
-205.53333313	0.01721996
-205.49999980	0.01960937
-205.46666647	0.02211406
-205.43333313	0.02409445
-205.39999980	0.02612892
-205.36666647	0.02721667
-205.33333313	0.02825695
-205.29999980	0.02847852
-205.26666647	0.02842438
-205.23333313	0.02764478
-205.19999980	0.02632136
-205.16666646	0.02428469
-205.13333313	0.02218477
-205.09999980	0.01997497
-205.06666646	0.01772201
-205.03333313	0.01572317
-204.99999980	0.01406913
-204.96666646	0.01252778
-204.93333313	0.01146341
-204.89999980	0.01039912
-204.86666646	0.00948151
-204.83333313	0.00912685
-204.79999980	0.00884506
-204.76666646	0.00843033
-204.73333313	0.00842099
-204.69999980	0.00813215
-204.66666646	0.00798269
-204.63333313	0.00763216
-204.59999980	0.00679086
-204.56666646	0.00630406
-204.53333313	0.00553718
-204.49999980	0.00443111
-204.46666646	0.00360118
-204.43333313	0.00240856
-204.39999979	0.00104270
-204.36666646	-0.00107422
-204.33333313	-0.00366519
-204.29999979	-0.00631166
-204.26666646	-0.00957644
-204.23333313	-0.01213296
-204.19999979	-0.01484254
-204.16666646	-0.01718987
-204.13333313	-0.01861384
-204.09999979	-0.01942888
-204.06666646	-0.01933816
-204.03333313	-0.01851072
-203.99999979	-0.01683520
-203.96666646	-0.01421330
-203.93333313	-0.01118322
-203.89999979	-0.00734591
-203.86666646	-0.00375421
-203.83333313	0.00014420
-203.79999979	0.00362886
-203.76666646	0.00678558
-203.73333313	0.00922313
-203.69999979	0.01082552
-203.66666646	0.01219094
-203.63333312	0.01300659
-203.59999979	0.01282156
-203.56666646	0.01243614
-203.53333312	0.01139471
-203.49999979	0.00980650
-203.46666646	0.00759812
-203.43333312	0.00527983
-203.39999979	0.00210490
-203.36666646	-0.00098071
-203.33333312	-0.00382877
-203.29999979	-0.00651398
-203.26666646	-0.00856801
-203.23333312	-0.01025989
-203.19999979	-0.01064002
-203.16666646	-0.01077473
-203.13333312	-0.01008670
-203.09999979	-0.00853039
-203.06666646	-0.00749811
-203.03333312	-0.00574941
-202.99999979	-0.00404871
-202.96666646	-0.00297824
-202.93333312	-0.00210489
-202.89999979	-0.00203955
-202.86666645	-0.00240722
-202.83333312	-0.00336390
-202.79999979	-0.00508149
-202.76666645	-0.00706355
-202.73333312	-0.00990034
-202.69999979	-0.01302949
-202.66666645	-0.01632388
-202.63333312	-0.01949563
-202.59999979	-0.02278692
-202.56666645	-0.02599150
-202.53333312	-0.02909305
-202.49999979	-0.03238897
-202.46666645	-0.03515719
-202.43333312	-0.03793057
-202.39999979	-0.04024865
-202.36666645	-0.04213984
-202.33333312	-0.04299276
-202.29999979	-0.04314672
-202.26666645	-0.04239038
-202.23333312	-0.04062921
-202.19999979	-0.03832988
-202.16666645	-0.03549843
-202.13333312	-0.03257155
-202.09999978	-0.02937221
-202.06666645	-0.02686337
-202.03333312	-0.02423765
-201.99999978	-0.02164940
-201.96666645	-0.01962290
-201.93333312	-0.01781627
-201.89999978	-0.01556700
-201.86666645	-0.01368583
-201.83333312	-0.01149388
-201.79999978	-0.00873751
-201.76666645	-0.00659533
-201.73333312	-0.00431243
-201.69999978	-0.00218939
-201.66666645	-0.00039558
-201.63333312	0.00016564
-201.59999978	0.00055089
-201.56666645	0.00068091
-201.53333312	-0.00013225
-201.49999978	-0.00095369
-201.46666645	-0.00149150
-201.43333312	-0.00219227
-201.39999978	-0.00246919
-201.36666645	-0.00255925
-201.33333311	-0.00249097
-201.29999978	-0.00253556
-201.26666645	-0.00275413
-201.23333311	-0.00354669
-201.19999978	-0.00448852
-201.16666645	-0.00537347
-201.13333311	-0.00657488
-201.09999978	-0.00777384
-201.06666645	-0.00891664
-201.03333311	-0.00971607
-200.99999978	-0.01071754
-200.96666645	-0.01140135
-200.93333311	-0.01203009
-200.89999978	-0.01277656
-200.86666645	-0.01338325
-200.83333311	-0.01402156
-200.79999978	-0.01444643
-200.76666645	-0.01505729
-200.73333311	-0.01577986
-200.69999978	-0.01633696
-200.66666645	-0.01639462
-200.63333311	-0.01609007
-200.59999978	-0.01565329
-200.56666644	-0.01420150
-200.53333311	-0.01211804
-200.49999978	-0.00955973
-200.46666644	-0.00665470
-200.43333311	-0.00275830
-200.39999978	0.00124181
-200.36666644	0.00566387
-200.33333311	0.00989773
-200.29999978	0.01427887
-200.26666644	0.01832168
-200.23333311	0.02196545
-200.19999978	0.02504638
-200.16666644	0.02737746
-200.13333311	0.02944238
-200.09999978	0.03051843
-200.06666644	0.03157827
-200.03333311	0.03199962
-199.99999978	0.03228587
-199.96666644	0.03216931
-199.93333311	0.03165996
-199.89999978	0.03076553
-199.86666644	0.02950523
-199.83333311	0.02847386
-199.79999977	0.02675655
-199.76666644	0.02536373
-199.73333311	0.02363513
-199.69999977	0.02196740
-199.66666644	0.02022165
-199.63333311	0.01856549
-199.59999977	0.01730329
-199.56666644	0.01608578
-199.53333311	0.01505086
-199.49999977	0.01405545
-199.46666644	0.01295966
-199.43333311	0.01167836
-199.39999977	0.00958909
-199.36666644	0.00736603
-199.33333311	0.00424188
-199.29999977	0.00110263
-199.26666644	-0.00250663
-199.23333311	-0.00620720
-199.19999977	-0.00958130
-199.16666644	-0.01261732
-199.13333311	-0.01573252
-199.09999977	-0.01815247
-199.06666644	-0.01963086
-199.03333310	-0.02068000
-198.99999977	-0.02152559
-198.96666644	-0.02132675
-198.93333310	-0.02072578
-198.89999977	-0.02041225
-198.86666644	-0.01999497
-198.83333310	-0.01958545
-198.79999977	-0.01939595
-198.76666644	-0.01938893
-198.73333310	-0.01965484
-198.69999977	-0.01974882
-198.66666644	-0.01950581
-198.63333310	-0.01906919
-198.59999977	-0.01807982
-198.56666644	-0.01746568
-198.53333310	-0.01584092
-198.49999977	-0.01398539
-198.46666644	-0.01219659
-198.43333310	-0.01072359
-198.39999977	-0.00895936
-198.36666644	-0.00716832
-198.33333310	-0.00599406
-198.29999977	-0.00469050
-198.26666643	-0.00334359
-198.23333310	-0.00174588
-198.19999977	-0.00010212
-198.16666643	0.00191866
-198.13333310	0.00394970
-198.09999977	0.00625473
-198.06666643	0.00847085
-198.03333310	0.01022138
-197.99999977	0.01210880
-197.96666643	0.01380558
-197.93333310	0.01531224
-197.89999977	0.01631770
-197.86666643	0.01724542
-197.83333310	0.01759048
-197.79999977	0.01744331
-197.76666643	0.01784816
-197.73333310	0.01766627
-197.69999977	0.01825256
-197.66666643	0.01846418
-197.63333310	0.01908131
-197.59999977	0.01945254
-197.56666643	0.01990828
-197.53333310	0.02003155
-197.49999976	0.01980391
-197.46666643	0.01944474
-197.43333310	0.01818122
-197.39999976	0.01679598
-197.36666643	0.01441369
-197.33333310	0.01201700
-197.29999976	0.00949586
-197.26666643	0.00640209
-197.23333310	0.00348289
-197.19999976	0.00015328
-197.16666643	-0.00303892
-197.13333310	-0.00607141
-197.09999976	-0.00940527
-197.06666643	-0.01312385
-197.03333310	-0.01631978
-196.99999976	-0.01955883
-196.96666643	-0.02268607
-196.93333310	-0.02489029
-196.89999976	-0.02664347
-196.86666643	-0.02758774
-196.83333310	-0.02806756
-196.79999976	-0.02750225
-196.76666643	-0.02672353
-196.73333309	-0.02541823
-196.69999976	-0.02367529
-196.66666643	-0.02165155
-196.63333309	-0.01944798
-196.59999976	-0.01718136
-196.56666643	-0.01521780
-196.53333309	-0.01305876
-196.49999976	-0.01149656
-196.46666643	-0.01009670
-196.43333309	-0.00888869
-196.39999976	-0.00801220
-196.36666643	-0.00762558
-196.33333309	-0.00748295
-196.29999976	-0.00744053
-196.26666643	-0.00783691
-196.23333309	-0.00809885
-196.19999976	-0.00891814
-196.16666643	-0.00960395
-196.13333309	-0.01076056
-196.09999976	-0.01179424
-196.06666643	-0.01289367
-196.03333309	-0.01411906
-195.99999976	-0.01532023
-195.96666642	-0.01605754
-195.93333309	-0.01732428
-195.89999976	-0.01801288
-195.86666642	-0.01879222
-195.83333309	-0.01973794
-195.79999976	-0.02054739
-195.76666642	-0.02199924
-195.73333309	-0.02308111
-195.69999976	-0.02465496
-195.66666642	-0.02597981
-195.63333309	-0.02741480
-195.59999976	-0.02903122
-195.56666642	-0.03037710
-195.53333309	-0.03201510
-195.49999976	-0.03327821
-195.46666642	-0.03428638
-195.43333309	-0.03487952
-195.39999976	-0.03532916
-195.36666642	-0.03518704
-195.33333309	-0.03497579
-195.29999976	-0.03465761
-195.26666642	-0.03399456
-195.23333309	-0.03318146
-195.19999975	-0.03242354
-195.16666642	-0.03120077
-195.13333309	-0.03023649
-195.09999975	-0.02875933
-195.06666642	-0.02721045
-195.03333309	-0.02526560
-194.99999975	-0.02264642
-194.96666642	-0.01981238
-194.93333309	-0.01648982
-194.89999975	-0.01286505
-194.86666642	-0.00879571
-194.83333309	-0.00471786
-194.79999975	-0.00077720
-194.76666642	0.00332720
-194.73333309	0.00686778
-194.69999975	0.01059053
-194.66666642	0.01373304
-194.63333309	0.01672794
-194.59999975	0.01958942
-194.56666642	0.02179088
-194.53333309	0.02352807
-194.49999975	0.02431681
-194.46666642	0.02521384
-194.43333308	0.02486169
-194.39999975	0.02433769
-194.36666642	0.02350430
-194.33333308	0.02259765
-194.29999975	0.02116295
-194.26666642	0.02002933
-194.23333308	0.01886043
-194.19999975	0.01770712
-194.16666642	0.01633550
-194.13333308	0.01521054
-194.09999975	0.01448686
-194.06666642	0.01384146
-194.03333308	0.01381844
-193.99999975	0.01374274
-193.96666642	0.01387592
-193.93333308	0.01401076
-193.89999975	0.01455669
-193.86666642	0.01473601
-193.83333308	0.01494440
-193.79999975	0.01488384
-193.76666642	0.01477371
-193.73333308	0.01389126
-193.69999975	0.01294175
-193.66666641	0.01156003
-193.63333308	0.00958702
-193.59999975	0.00803382
-193.56666641	0.00630196
-193.53333308	0.00451991
-193.49999975	0.00253260
-193.46666641	0.00061945
-193.43333308	-0.00150565
-193.39999975	-0.00340574
-193.36666641	-0.00503241
-193.33333308	-0.00700852
-193.29999975	-0.00866313
-193.26666641	-0.01034873
-193.23333308	-0.01227631
-193.19999975	-0.01390694
-193.16666641	-0.01567143
-193.13333308	-0.01782447
-193.09999975	-0.01943054
-193.06666641	-0.02153692
-193.03333308	-0.02352779
-192.99999975	-0.02548828
-192.96666641	-0.02769753
-192.93333308	-0.02980890
-192.89999974	-0.03179712
-192.86666641	-0.03377164
-192.83333308	-0.03572526
-192.79999974	-0.03743058
-192.76666641	-0.03899630
-192.73333308	-0.04012635
-192.69999974	-0.04033715
-192.66666641	-0.04041293
-192.63333308	-0.03966470
-192.59999974	-0.03939221
-192.56666641	-0.03890221
-192.53333308	-0.03838541
-192.49999974	-0.03801487
-192.46666641	-0.03813573
-192.43333308	-0.03836090
-192.39999974	-0.03888761
-192.36666641	-0.03966108
-192.33333308	-0.04028726
-192.29999974	-0.04145740
-192.26666641	-0.04238036
-192.23333308	-0.04364294
-192.19999974	-0.04416271
-192.16666641	-0.04466535
-192.13333307	-0.04530310
-192.09999974	-0.04555628
-192.06666641	-0.04592352
-192.03333307	-0.04655903
-191.99999974	-0.04728607
-191.96666641	-0.04831223
-191.93333307	-0.04926717
-191.89999974	-0.04946230
-191.86666641	-0.04991326
-191.83333307	-0.04939679
-191.79999974	-0.04882890
-191.76666641	-0.04739173
-191.73333307	-0.04543771
-191.69999974	-0.04378119
-191.66666641	-0.04116681
-191.63333307	-0.03883008
-191.59999974	-0.03668108
-191.56666641	-0.03457057
-191.53333307	-0.03307680
-191.49999974	-0.03147279
-191.46666641	-0.03022458
-191.43333307	-0.02896144
-191.39999974	-0.02736651
-191.36666640	-0.02563714
-191.33333307	-0.02314932
-191.29999974	-0.02009091
-191.26666640	-0.01626977
-191.23333307	-0.01206903
-191.19999974	-0.00793905
-191.16666640	-0.00280292
-191.13333307	0.00238234
-191.09999974	0.00746835
-191.06666640	0.01256102
-191.03333307	0.01794463
-190.99999974	0.02345520
-190.96666640	0.02893446
-190.93333307	0.03397105
-190.89999974	0.03894816
-190.86666640	0.04376215
-190.83333307	0.04761742
-190.79999974	0.05165418
-190.76666640	0.05421108
-190.73333307	0.05661282
-190.69999974	0.05815201
-190.66666640	0.05889138
-190.63333307	0.05941874
-190.59999973	0.05959859
-190.56666640	0.05915759
-190.53333307	0.05877661
-190.49999973	0.05827292
-190.46666640	0.05780436
-190.43333307	0.05716425
-190.39999973	0.05665476
-190.36666640	0.05636905
-190.33333307	0.05623482
-190.29999973	0.05575147
-190.26666640	0.05576773
-190.23333307	0.05573840
-190.19999973	0.05575611
-190.16666640	0.05603402
-190.13333307	0.05605746
-190.09999973	0.05635583
-190.06666640	0.05691250
-190.03333307	0.05756357
-189.99999973	0.05875879
-189.96666640	0.06017910
-189.93333307	0.06174235
-189.89999973	0.06324847
-189.86666640	0.06463199
-189.83333306	0.06554270
-189.79999973	0.06604150
-189.76666640	0.06644521
-189.73333306	0.06675929
-189.69999973	0.06691298
-189.66666640	0.06725128
-189.63333306	0.06766254
-189.59999973	0.06812452
-189.56666640	0.06921623
-189.53333306	0.06988714
-189.49999973	0.07083967
-189.46666640	0.07179493
-189.43333306	0.07279256
-189.39999973	0.07360705
-189.36666640	0.07466737
-189.33333306	0.07591447
-189.29999973	0.07706312
-189.26666640	0.07834423
-189.23333306	0.07987064
-189.19999973	0.08135108
-189.16666640	0.08240690
-189.13333306	0.08333434
-189.09999973	0.08395351
-189.06666639	0.08420351
-189.03333306	0.08407163
-188.99999973	0.08360798
-188.96666639	0.08243475
-188.93333306	0.08096628
-188.89999973	0.07872728
-188.86666639	0.07606406
-188.83333306	0.07311807
-188.79999973	0.06982881
-188.76666639	0.06656276
-188.73333306	0.06349350
-188.69999973	0.06042541
-188.66666639	0.05774713
-188.63333306	0.05506342
-188.59999973	0.05332388
-188.56666639	0.05202405
-188.53333306	0.05084254
-188.49999973	0.04991062
-188.46666639	0.04901108
-188.43333306	0.04872720
-188.39999973	0.04851820
-188.36666639	0.04798387
-188.33333306	0.04804122
-188.29999972	0.04770067
-188.26666639	0.04644227
-188.23333306	0.04527779
-188.19999972	0.04311453
-188.16666639	0.04066731
-188.13333306	0.03782291
-188.09999972	0.03448540
-188.06666639	0.03090857
-188.03333306	0.02693277
-187.99999972	0.02285254
-187.96666639	0.01833867
-187.93333306	0.01388084
-187.89999972	0.00924114
-187.86666639	0.00513685
-187.83333306	0.00147530
-187.79999972	-0.00176159
-187.76666639	-0.00406901
-187.73333306	-0.00619652
-187.69999972	-0.00742666
-187.66666639	-0.00783824
-187.63333306	-0.00804242
-187.59999972	-0.00746816
-187.56666639	-0.00661493
-187.53333305	-0.00531444
-187.49999972	-0.00382771
-187.46666639	-0.00241112
-187.43333305	-0.00130584
-187.39999972	-0.00004132
-187.36666639	0.00067495
-187.33333305	0.00114725
-187.29999972	0.00090561
-187.26666639	0.00106205
-187.23333305	-0.00002942
-187.19999972	-0.00166081
-187.16666639	-0.00325806
-187.13333305	-0.00520007
-187.09999972	-0.00728718
-187.06666639	-0.00915457
-187.03333305	-0.01110871
-186.99999972	-0.01281702
-186.96666639	-0.01431788
-186.93333305	-0.01546943
-186.89999972	-0.01581289
-186.86666639	-0.01571260
-186.83333305	-0.01530898
-186.79999972	-0.01470905
-186.76666638	-0.01341122
-186.73333305	-0.01231022
-186.69999972	-0.01079358
-186.66666638	-0.00939348
-186.63333305	-0.00817316
-186.59999972	-0.00783113
-186.56666638	-0.00734127
-186.53333305	-0.00759738
-186.49999972	-0.00793152
-186.46666638	-0.00890902
-186.43333305	-0.01018578
-186.39999972	-0.01196618
-186.36666638	-0.01333288
-186.33333305	-0.01523273
-186.29999972	-0.01703324
-186.26666638	-0.01882779
-186.23333305	-0.02027125
-186.19999972	-0.02188247
-186.16666638	-0.02348037
-186.13333305	-0.02456890
-186.09999972	-0.02519506
-186.06666638	-0.02562349
-186.03333305	-0.02542890
-185.99999971	-0.02465030
-185.96666638	-0.02388505
-185.93333305	-0.02261454
-185.89999971	-0.02033472
-185.86666638	-0.01796694
-185.83333305	-0.01545993
-185.79999971	-0.01306920
-185.76666638	-0.01045886
-185.73333305	-0.00770244
-185.69999971	-0.00516290
-185.66666638	-0.00284822
-185.63333305	-0.00084764
-185.59999971	0.00069975
-185.56666638	0.00236213
-185.53333305	0.00345289
-185.49999971	0.00372123
-185.46666638	0.00447661
-185.43333305	0.00422944
-185.39999971	0.00385542
-185.36666638	0.00282424
-185.33333305	0.00168544
-185.29999971	0.00031631
-185.26666638	-0.00133592
-185.23333304	-0.00344047
-185.19999971	-0.00502217
-185.16666638	-0.00709590
-185.13333304	-0.00891530
-185.09999971	-0.01032797
-185.06666638	-0.01154512
-185.03333304	-0.01253408
-184.99999971	-0.01285386
-184.96666638	-0.01302297
-184.93333304	-0.01289916
-184.89999971	-0.01283748
-184.86666638	-0.01241447
-184.83333304	-0.01171363
-184.79999971	-0.01126264
-184.76666638	-0.01066476
-184.73333304	-0.00992110
-184.69999971	-0.00948442
-184.66666638	-0.00873518
-184.63333304	-0.00803562
-184.59999971	-0.00740504
-184.56666638	-0.00656134
-184.53333304	-0.00635793
-184.49999971	-0.00575977
-184.46666637	-0.00609707
-184.43333304	-0.00599076
-184.39999971	-0.00618280
-184.36666637	-0.00662584
-184.33333304	-0.00705928
-184.29999971	-0.00693090
-184.26666637	-0.00708166
-184.23333304	-0.00685543
-184.19999971	-0.00664691
-184.16666637	-0.00639527
-184.13333304	-0.00544119
-184.09999971	-0.00453772
-184.06666637	-0.00324119
-184.03333304	-0.00222283
-183.99999971	-0.00126992
-183.96666637	-0.00031848
-183.93333304	0.00014127
-183.89999971	0.00001521
-183.86666637	-0.00018405
-183.83333304	-0.00062879
-183.79999971	-0.00138913
-183.76666637	-0.00245441
-183.73333304	-0.00370898
-183.69999970	-0.00517136
-183.66666637	-0.00654970
-183.63333304	-0.00842855
-183.59999970	-0.00990232
-183.56666637	-0.01176067
-183.53333304	-0.01324110
-183.49999970	-0.01509211
-183.46666637	-0.01657163
-183.43333304	-0.01812173
-183.39999970	-0.01976693
-183.36666637	-0.02120592
-183.33333304	-0.02210208
-183.29999970	-0.02307266
-183.26666637	-0.02398074
-183.23333304	-0.02475749
-183.19999970	-0.02526397
-183.16666637	-0.02608033
-183.13333304	-0.02703549
-183.09999970	-0.02801947
-183.06666637	-0.02926890
-183.03333304	-0.03022739
-182.99999970	-0.03186505
-182.96666637	-0.03306865
-182.93333303	-0.03437324
-182.89999970	-0.03525106
-182.86666637	-0.03657242
-182.83333303	-0.03691626
-182.79999970	-0.03743434
-182.76666637	-0.03761675
-182.73333303	-0.03776266
-182.69999970	-0.03725723
-182.66666637	-0.03726705
-182.63333303	-0.03739130
-182.59999970	-0.03812325
-182.56666637	-0.03837896
-182.53333303	-0.03921777
-182.49999970	-0.04025571
-182.46666637	-0.04106978
-182.43333303	-0.04205917
-182.39999970	-0.04308202
-182.36666637	-0.04396863
-182.33333303	-0.04482751
-182.29999970	-0.04597655
-182.26666637	-0.04728077
-182.23333303	-0.04826546
-182.19999970	-0.04952381
-182.16666636	-0.05031705
-182.13333303	-0.05150818
-182.09999970	-0.05193639
-182.06666636	-0.05254529
-182.03333303	-0.05258621
-181.99999970	-0.05220596
-181.96666636	-0.05128337
-181.93333303	-0.05034667
-181.89999970	-0.04890701
-181.86666636	-0.04705447
-181.83333303	-0.04550302
-181.79999970	-0.04323791
-181.76666636	-0.04102569
-181.73333303	-0.03923703
-181.69999970	-0.03702731
-181.66666636	-0.03523037
-181.63333303	-0.03320782
-181.59999970	-0.03134598
-181.56666636	-0.02972274
-181.53333303	-0.02820683
-181.49999970	-0.02674972
-181.46666636	-0.02547776
-181.43333303	-0.02402177
-181.39999969	-0.02296213
-181.36666636	-0.02179116
-181.33333303	-0.02091966
-181.29999969	-0.01994746
-181.26666636	-0.01909267
-181.23333303	-0.01847777
-181.19999969	-0.01788799
-181.16666636	-0.01752334
-181.13333303	-0.01750240
-181.09999969	-0.01742673
-181.06666636	-0.01738147
-181.03333303	-0.01764063
-180.99999969	-0.01811693
-180.96666636	-0.01868291
-180.93333303	-0.01936477
-180.89999969	-0.02060135
-180.86666636	-0.02168083
-180.83333303	-0.02305018
-180.79999969	-0.02440667
-180.76666636	-0.02628195
-180.73333303	-0.02810316
-180.69999969	-0.02983881
-180.66666636	-0.03123719
-180.63333302	-0.03280809
-180.59999969	-0.03380413
-180.56666636	-0.03460722
-180.53333302	-0.03483062
-180.49999969	-0.03443515
-180.46666636	-0.03335073
-180.43333302	-0.03169662
-180.39999969	-0.02956710
-180.36666636	-0.02670570
-180.33333302	-0.02354565
-180.29999969	-0.01976810
-180.26666636	-0.01580698
-180.23333302	-0.01145597
-180.19999969	-0.00695597
-180.16666636	-0.00229658
-180.13333302	0.00190556
-180.09999969	0.00618039
-180.06666636	0.01013092
-180.03333302	0.01350766
-179.99999969	0.01678909
-179.96666636	0.01966937
-179.93333302	0.02241862
-179.89999969	0.02483997
-179.86666635	0.02724983
-179.83333302	0.02925883
-179.79999969	0.03114984
-179.76666635	0.03277567
-179.73333302	0.03413675
-179.69999969	0.03548461
-179.66666635	0.03675361
-179.63333302	0.03739497
-179.59999969	0.03815481
-179.56666635	0.03881937
-179.53333302	0.03914253
-179.49999969	0.03943286
-179.46666635	0.03987023
-179.43333302	0.03981554
-179.39999969	0.03947407
-179.36666635	0.03897744
-179.33333302	0.03830261
-179.29999969	0.03706587
-179.26666635	0.03522048
-179.23333302	0.03344152
-179.19999969	0.03101136
-179.16666635	0.02840064
-179.13333302	0.02505740
-179.09999968	0.02184599
-179.06666635	0.01749965
-179.03333302	0.01339520
-178.99999968	0.00888742
-178.96666635	0.00371880
-178.93333302	-0.00079371
-178.89999968	-0.00565446
-178.86666635	-0.01009313
-178.83333302	-0.01387064
-178.79999968	-0.01709338
-178.76666635	-0.01967910
-178.73333302	-0.02115722
-178.69999968	-0.02177657
-178.66666635	-0.02154979
-178.63333302	-0.02016983
-178.59999968	-0.01766532
-178.56666635	-0.01458959
-178.53333302	-0.01081314
-178.49999968	-0.00610170
-178.46666635	-0.00057620
-178.43333302	0.00490759
-178.39999968	0.01028497
-178.36666635	0.01562677
-178.33333301	0.02055905
-178.29999968	0.02491851
-178.26666635	0.02879151
-178.23333301	0.03154858
-178.19999968	0.03359869
-178.16666635	0.03459067
-178.13333301	0.03502021
-178.09999968	0.03408083
-178.06666635	0.03227844
-178.03333301	0.03052747
-177.99999968	0.02808368
-177.96666635	0.02549985
-177.93333301	0.02294367
-177.89999968	0.02045805
-177.86666635	0.01834201
-177.83333301	0.01657452
-177.79999968	0.01551241
-177.76666635	0.01477325
-177.73333301	0.01440463
-177.69999968	0.01456922
-177.66666635	0.01481271
-177.63333301	0.01528439
-177.59999968	0.01573825
-177.56666634	0.01636260
-177.53333301	0.01693889
-177.49999968	0.01726405
-177.46666634	0.01777458
-177.43333301	0.01787643
-177.39999968	0.01732902
-177.36666634	0.01737024
-177.33333301	0.01683241
-177.29999968	0.01630842
-177.26666634	0.01590031
-177.23333301	0.01521682
-177.19999968	0.01462759
-177.16666634	0.01400012
-177.13333301	0.01314124
-177.09999968	0.01226256
-177.06666634	0.01171604
-177.03333301	0.01086267
-176.99999968	0.01038366
-176.96666634	0.00977467
-176.93333301	0.00942204
-176.89999968	0.00895960
-176.86666634	0.00890831
-176.83333301	0.00859134
-176.79999967	0.00857782
-176.76666634	0.00790598
-176.73333301	0.00763778
-176.69999967	0.00736221
-176.66666634	0.00649130
-176.63333301	0.00565267
-176.59999967	0.00462460
-176.56666634	0.00382101
-176.53333301	0.00237989
-176.49999967	0.00058862
-176.46666634	-0.00077709
-176.43333301	-0.00249558
-176.39999967	-0.00469935
-176.36666634	-0.00689373
-176.33333301	-0.00920805
-176.29999967	-0.01151007
-176.26666634	-0.01403886
-176.23333301	-0.01645655
-176.19999967	-0.01847185
-176.16666634	-0.02017381
-176.13333301	-0.02226511
-176.09999967	-0.02352950
-176.06666634	-0.02405491
-176.03333300	-0.02472044
-175.99999967	-0.02490903
-175.96666634	-0.02462791
-175.93333300	-0.02379992
-175.89999967	-0.02284180
-175.86666634	-0.02155458
-175.83333300	-0.01989300
-175.79999967	-0.01882599
-175.76666634	-0.01749348
-175.73333300	-0.01605904
-175.69999967	-0.01513776
-175.66666634	-0.01405568
-175.63333300	-0.01342919
-175.59999967	-0.01333230
-175.56666634	-0.01328589
-175.53333300	-0.01356381
-175.49999967	-0.01452435
-175.46666634	-0.01567692
-175.43333300	-0.01746347
-175.39999967	-0.01907435
-175.36666634	-0.02142738
-175.33333300	-0.02384976
-175.29999967	-0.02644236
-175.26666633	-0.02872860
-175.23333300	-0.03093978
-175.19999967	-0.03265072
-175.16666633	-0.03413113
-175.13333300	-0.03472317
-175.09999967	-0.03500496
-175.06666633	-0.03442454
-175.03333300	-0.03317561
-174.99999967	-0.03148025
-174.96666633	-0.02957101
-174.93333300	-0.02755053
-174.89999967	-0.02471138
-174.86666633	-0.02226627
-174.83333300	-0.02007607
-174.79999967	-0.01803035
-174.76666633	-0.01619109
-174.73333300	-0.01472999
-174.69999967	-0.01373894
-174.66666633	-0.01291816
-174.63333300	-0.01247698
-174.59999967	-0.01227949
-174.56666633	-0.01231284
-174.53333300	-0.01255466
-174.49999966	-0.01325141
-174.46666633	-0.01350463
-174.43333300	-0.01425608
-174.39999966	-0.01529345
-174.36666633	-0.01632363
-174.33333300	-0.01739690
-174.29999966	-0.01836468
-174.26666633	-0.01965443
-174.23333300	-0.02072294
-174.19999966	-0.02173978
-174.16666633	-0.02285246
-174.13333300	-0.02361729
-174.09999966	-0.02422450
-174.06666633	-0.02478488
-174.03333300	-0.02555637
-173.99999966	-0.02556373
-173.96666633	-0.02568317
-173.93333300	-0.02519694
-173.89999966	-0.02467562
-173.86666633	-0.02389974
-173.83333300	-0.02319259
-173.79999966	-0.02178221
-173.76666633	-0.02056133
-173.73333299	-0.01939132
-173.69999966	-0.01801095
-173.66666633	-0.01692204
-173.63333299	-0.01542812
-173.59999966	-0.01421998
-173.56666633	-0.01311685
-173.53333299	-0.01178672
-173.49999966	-0.01099361
-173.46666633	-0.00981904
-173.43333299	-0.00941960
-173.39999966	-0.00909844
-173.36666633	-0.00929291
-173.33333299	-0.00971765
-173.29999966	-0.01009283
-173.26666633	-0.01104651
-173.23333299	-0.01203431
-173.19999966	-0.01282590
-173.16666633	-0.01312965
-173.13333299	-0.01350659
-173.09999966	-0.01403927
-173.06666633	-0.01401496
-173.03333299	-0.01378710
-172.99999966	-0.01316398
-172.96666632	-0.01250624
-172.93333299	-0.01174910
-172.89999966	-0.01040167
-172.86666632	-0.00956077
-172.83333299	-0.00863400
-172.79999966	-0.00725964
-172.76666632	-0.00647200
-172.73333299	-0.00567382
-172.69999966	-0.00511792
-172.66666632	-0.00401411
-172.63333299	-0.00367578
-172.59999966	-0.00302727
-172.56666632	-0.00244522
-172.53333299	-0.00229184
-172.49999966	-0.00199042
-172.46666632	-0.00179491
-172.43333299	-0.00181001
-172.39999966	-0.00212768
-172.36666632	-0.00198917
-172.33333299	-0.00186334
-172.29999966	-0.00187564
-172.26666632	-0.00144428
-172.23333299	-0.00150014
-172.19999965	-0.00096850
-172.16666632	-0.00051994
-172.13333299	0.00002367
-172.09999965	0.00062421
-172.06666632	0.00074459
-172.03333299	0.00155915
-171.99999965	0.00207065
-171.96666632	0.00211517
-171.93333299	0.00264075
-171.89999965	0.00267411
-171.86666632	0.00321937
-171.83333299	0.00318067
-171.79999965	0.00323966
-171.76666632	0.00326571
-171.73333299	0.00352644
-171.69999965	0.00363888
-171.66666632	0.00363928
-171.63333299	0.00406999
-171.59999965	0.00462576
-171.56666632	0.00533616
-171.53333299	0.00619461
-171.49999965	0.00744942
-171.46666632	0.00853642
-171.43333298	0.01009080
-171.39999965	0.01184309
-171.36666632	0.01344315
-171.33333298	0.01527748
-171.29999965	0.01734240
-171.26666632	0.01928872
-171.23333298	0.02148558
-171.19999965	0.02332289
-171.16666632	0.02516139
-171.13333298	0.02653289
-171.09999965	0.02776860
-171.06666632	0.02850343
-171.03333298	0.02878255
-170.99999965	0.02842468
-170.96666632	0.02805472
-170.93333298	0.02705301
-170.89999965	0.02571201
-170.86666632	0.02399222
-170.83333298	0.02197884
-170.79999965	0.01984783
-170.76666632	0.01746749
-170.73333298	0.01516356
-170.69999965	0.01310111
-170.66666631	0.01068800
-170.63333298	0.00896901
-170.59999965	0.00733369
-170.56666631	0.00594382
-170.53333298	0.00535858
-170.49999965	0.00473961
-170.46666631	0.00478424
-170.43333298	0.00523561
-170.39999965	0.00582325
-170.36666631	0.00653571
-170.33333298	0.00780204
-170.29999965	0.00897716
-170.26666631	0.01019064
-170.23333298	0.01127769
-170.19999965	0.01247498
-170.16666631	0.01383258
-170.13333298	0.01475877
-170.09999965	0.01562488
-170.06666631	0.01636635
-170.03333298	0.01688339
-169.99999965	0.01697552
-169.96666631	0.01690923
-169.93333298	0.01707766
-169.89999964	0.01691598
-169.86666631	0.01696173
-169.83333298	0.01681315
-169.79999964	0.01698300
-169.76666631	0.01727371
-169.73333298	0.01785657
-169.69999964	0.01859228
-169.66666631	0.01937569
-169.63333298	0.01984186
-169.59999964	0.02079501
-169.56666631	0.02167536
-169.53333298	0.02250261
-169.49999964	0.02305475
-169.46666631	0.02343881
-169.43333298	0.02360532
-169.39999964	0.02325418
-169.36666631	0.02313338
-169.33333298	0.02246966
-169.29999964	0.02131025
-169.26666631	0.01999246
-169.23333298	0.01846912
-169.19999964	0.01685305
-169.16666631	0.01490744
-169.13333297	0.01254358
-169.09999964	0.01030336
-169.06666631	0.00806398
-169.03333297	0.00570825
-168.99999964	0.00339039
-168.96666631	0.00167812
-168.93333297	-0.00036381
-168.89999964	-0.00212685
-168.86666631	-0.00372418
-168.83333297	-0.00515491
-168.79999964	-0.00626257
-168.76666631	-0.00696664
-168.73333297	-0.00707051
-168.69999964	-0.00746019
-168.66666631	-0.00749864
-168.63333297	-0.00736091
-168.59999964	-0.00719035
-168.56666631	-0.00699511
-168.53333297	-0.00649397
-168.49999964	-0.00649201
-168.46666631	-0.00638892
-168.43333297	-0.00656727
-168.39999964	-0.00702799
-168.36666630	-0.00785620
-168.33333297	-0.00866844
-168.29999964	-0.00933428
-168.26666630	-0.01048961
-168.23333297	-0.01175315
-168.19999964	-0.01313453
-168.16666630	-0.01444418
-168.13333297	-0.01574326
-168.09999964	-0.01712528
-168.06666630	-0.01798452
-168.03333297	-0.01868171
-167.99999964	-0.01926714
-167.96666630	-0.01917702
-167.93333297	-0.01902811
-167.89999964	-0.01843319
-167.86666630	-0.01752312
-167.83333297	-0.01621007
-167.79999964	-0.01467793
-167.76666630	-0.01256867
-167.73333297	-0.01090004
-167.69999964	-0.00880104
-167.66666630	-0.00673612
-167.63333297	-0.00448967
-167.59999963	-0.00248586
-167.56666630	-0.00085175
-167.53333297	0.00056906
-167.49999963	0.00148083
-167.46666630	0.00225085
-167.43333297	0.00265713
-167.39999963	0.00264803
-167.36666630	0.00216273
-167.33333297	0.00186265
-167.29999963	0.00109728
-167.26666630	0.00053958
-167.23333297	-0.00047287
-167.19999963	-0.00110419
-167.16666630	-0.00161187
-167.13333297	-0.00244035
-167.09999963	-0.00284535
-167.06666630	-0.00334495
-167.03333297	-0.00384424
-166.99999963	-0.00441699
-166.96666630	-0.00458557
-166.93333297	-0.00516352
-166.89999963	-0.00529820
-166.86666630	-0.00557304
-166.83333296	-0.00594105
-166.79999963	-0.00592119
-166.76666630	-0.00593590
-166.73333296	-0.00606545
-166.69999963	-0.00582616
-166.66666630	-0.00549813
-166.63333296	-0.00530588
-166.59999963	-0.00493512
-166.56666630	-0.00495340
-166.53333296	-0.00459240
-166.49999963	-0.00441875
-166.46666630	-0.00451335
-166.43333296	-0.00423156
-166.39999963	-0.00362563
-166.36666630	-0.00335426
-166.33333296	-0.00251859
-166.29999963	-0.00196206
-166.26666630	-0.00134651
-166.23333296	-0.00026808
-166.19999963	0.00079319
-166.16666630	0.00185321
-166.13333296	0.00306626
-166.09999963	0.00405677
-166.06666629	0.00513009
-166.03333296	0.00603142
-165.99999963	0.00699169
-165.96666629	0.00803120
-165.93333296	0.00844006
-165.89999963	0.00935654
-165.86666629	0.01008871
-165.83333296	0.01015480
-165.79999963	0.01071596
-165.76666629	0.01099800
-165.73333296	0.01146101
-165.69999963	0.01152365
-165.66666629	0.01180775
-165.63333296	0.01137944
-165.59999963	0.01133453
-165.56666629	0.01132281
-165.53333296	0.01074288
-165.49999963	0.01034384
-165.46666629	0.01008854
-165.43333296	0.00972215
-165.39999963	0.00925048
-165.36666629	0.00903949
-165.33333296	0.00842984
-165.29999962	0.00761341
-165.26666629	0.00705502
-165.23333296	0.00626722
-165.19999962	0.00558405
-165.16666629	0.00495822
-165.13333296	0.00379134
-165.09999962	0.00273646
-165.06666629	0.00171617
-165.03333296	0.00059944
-164.99999962	-0.00057351
-164.96666629	-0.00120753
-164.93333296	-0.00184039
-164.89999962	-0.00237945
-164.86666629	-0.00243553
-164.83333296	-0.00252844
-164.79999962	-0.00251710
-164.76666629	-0.00226269
-164.73333296	-0.00152283
-164.69999962	-0.00112260
-164.66666629	-0.00076733
-164.63333296	0.00003308
-164.59999962	0.00045982
-164.56666629	0.00106934
-164.53333295	0.00144274
-164.49999962	0.00232556
-164.46666629	0.00307150
-164.43333295	0.00337519
-164.39999962	0.00389077
-164.36666629	0.00457809
-164.33333295	0.00499082
-164.29999962	0.00495462
-164.26666629	0.00523107
-164.23333295	0.00492951
-164.19999962	0.00496280
-164.16666629	0.00477558
-164.13333295	0.00451025
-164.09999962	0.00393439
-164.06666629	0.00352355
-164.03333295	0.00288629
-163.99999962	0.00248329
-163.96666629	0.00184760
-163.93333295	0.00089177
-163.89999962	-0.00001027
-163.86666629	-0.00067217
-163.83333295	-0.00164153
-163.79999962	-0.00223434
-163.76666628	-0.00314659
-163.73333295	-0.00382674
-163.69999962	-0.00441664
-163.66666628	-0.00492023
-163.63333295	-0.00552360
-163.59999962	-0.00589256
-163.56666628	-0.00605674
-163.53333295	-0.00640492
-163.49999962	-0.00664959
-163.46666628	-0.00714479
-163.43333295	-0.00681979
-163.39999962	-0.00709957
-163.36666628	-0.00711621
-163.33333295	-0.00729770
-163.29999962	-0.00702429
-163.26666628	-0.00702840
-163.23333295	-0.00698098
-163.19999962	-0.00720351
-163.16666628	-0.00720734
-163.13333295	-0.00687045
-163.09999962	-0.00681576
-163.06666628	-0.00673822
-163.03333295	-0.00637612
-162.99999961	-0.00587206
-162.96666628	-0.00491319
-162.93333295	-0.00442850
-162.89999961	-0.00373592
-162.86666628	-0.00285940
-162.83333295	-0.00201237
-162.79999961	-0.00115844
-162.76666628	0.00013420
-162.73333295	0.00105733
-162.69999961	0.00178727
-162.66666628	0.00287586
-162.63333295	0.00383959
-162.59999961	0.00447142
-162.56666628	0.00521264
-162.53333295	0.00568026
-162.49999961	0.00585730
-162.46666628	0.00622154
-162.43333295	0.00626632
-162.39999961	0.00663110
-162.36666628	0.00674981
-162.33333295	0.00680381
-162.29999961	0.00691939
-162.26666628	0.00707795
-162.23333294	0.00745020
-162.19999961	0.00791364
-162.16666628	0.00822346
-162.13333294	0.00890961
-162.09999961	0.00932023
-162.06666628	0.00987858
-162.03333294	0.01061881
-161.99999961	0.01101492
-161.96666628	0.01132974
-161.93333294	0.01183650
-161.89999961	0.01180798
-161.86666628	0.01210613
-161.83333294	0.01196065
-161.79999961	0.01177220
-161.76666628	0.01166444
-161.73333294	0.01104073
-161.69999961	0.01099697
-161.66666628	0.00968212
-161.63333294	0.00942467
-161.59999961	0.00844161
-161.56666628	0.00744161
-161.53333294	0.00618903
-161.49999961	0.00538590
-161.46666627	0.00413440
-161.43333294	0.00288071
-161.39999961	0.00161443
-161.36666627	0.00078952
-161.33333294	-0.00010463
-161.29999961	-0.00117884
-161.26666627	-0.00229101
-161.23333294	-0.00290447
-161.19999961	-0.00357440
-161.16666627	-0.00416843
-161.13333294	-0.00425322
-161.09999961	-0.00471047
-161.06666627	-0.00469546
-161.03333294	-0.00461085
-160.99999961	-0.00469429
-160.96666627	-0.00472197
-160.93333294	-0.00459681
-160.89999961	-0.00468903
-160.86666627	-0.00453455
-160.83333294	-0.00496831
-160.79999961	-0.00483677
-160.76666627	-0.00465324
-160.73333294	-0.00486733
-160.69999960	-0.00473027
-160.66666627	-0.00493893
-160.63333294	-0.00477371
-160.59999960	-0.00481044
-160.56666627	-0.00463637
-160.53333294	-0.00453423
-160.49999960	-0.00431606
-160.46666627	-0.00391826
-160.43333294	-0.00382775
-160.39999960	-0.00373547
-160.36666627	-0.00354507
-160.33333294	-0.00353185
-160.29999960	-0.00347845
-160.26666627	-0.00355141
-160.23333294	-0.00373604
-160.19999960	-0.00414821
-160.16666627	-0.00463825
-160.13333294	-0.00531449
-160.09999960	-0.00601970
-160.06666627	-0.00710150
-160.03333294	-0.00794430
-159.99999960	-0.00909691
-159.96666627	-0.01041115
-159.93333293	-0.01115573
-159.89999960	-0.01243414
-159.86666627	-0.01381218
-159.83333293	-0.01525736
-159.79999960	-0.01639228
-159.76666627	-0.01796897
-159.73333293	-0.01943888
-159.69999960	-0.02064472
-159.66666627	-0.02201969
-159.63333293	-0.02365727
-159.59999960	-0.02490820
-159.56666627	-0.02608105
-159.53333293	-0.02687509
-159.49999960	-0.02766152
-159.46666627	-0.02796141
-159.43333293	-0.02795687
-159.39999960	-0.02789655
-159.36666627	-0.02741896
-159.33333293	-0.02694234
-159.29999960	-0.02556316
-159.26666627	-0.02452412
-159.23333293	-0.02309531
-159.19999960	-0.02198585
-159.16666626	-0.02056340
-159.13333293	-0.01950388
-159.09999960	-0.01832996
-159.06666626	-0.01737677
-159.03333293	-0.01683033
-158.99999960	-0.01592742
-158.96666626	-0.01557186
-158.93333293	-0.01532263
-158.89999960	-0.01504234
-158.86666626	-0.01538615
-158.83333293	-0.01575095
-158.79999960	-0.01594991
-158.76666626	-0.01629554
-158.73333293	-0.01679801
-158.69999960	-0.01713866
-158.66666626	-0.01746765
-158.63333293	-0.01759867
-158.59999960	-0.01757234
-158.56666626	-0.01732411
-158.53333293	-0.01706466
-158.49999960	-0.01666191
-158.46666626	-0.01593729
-158.43333293	-0.01538209
-158.39999959	-0.01478037
-158.36666626	-0.01434421
-158.33333293	-0.01386689
-158.29999959	-0.01354569
-158.26666626	-0.01377877
-158.23333293	-0.01405810
-158.19999959	-0.01451984
-158.16666626	-0.01526792
-158.13333293	-0.01615457
-158.09999959	-0.01693884
-158.06666626	-0.01764505
-158.03333293	-0.01854443
-157.99999959	-0.01949457
-157.96666626	-0.02032069
-157.93333293	-0.02102482
-157.89999959	-0.02193999
-157.86666626	-0.02229550
-157.83333293	-0.02308075
-157.79999959	-0.02310497
-157.76666626	-0.02345693
-157.73333293	-0.02379310
-157.69999959	-0.02397138
-157.66666626	-0.02384467
-157.63333292	-0.02377244
-157.59999959	-0.02390899
-157.56666626	-0.02340389
-157.53333292	-0.02322373
-157.49999959	-0.02292910
-157.46666626	-0.02265982
-157.43333292	-0.02255655
-157.39999959	-0.02233928
-157.36666626	-0.02206421
-157.33333292	-0.02183148
-157.29999959	-0.02147681
-157.26666626	-0.02143529
-157.23333292	-0.02114505
-157.19999959	-0.02096973
-157.16666626	-0.02113232
-157.13333292	-0.02131291
-157.09999959	-0.02107678
-157.06666626	-0.02080994
-157.03333292	-0.02063660
-156.99999959	-0.02048150
-156.96666626	-0.02016044
-156.93333292	-0.01982814
-156.89999959	-0.01911883
-156.86666625	-0.01852570
-156.83333292	-0.01760527
-156.79999959	-0.01665702
-156.76666625	-0.01553790
-156.73333292	-0.01415389
-156.69999959	-0.01265824
-156.66666625	-0.01166673
-156.63333292	-0.00993458
-156.59999959	-0.00898209
-156.56666625	-0.00775752
-156.53333292	-0.00672634
-156.49999959	-0.00592774
-156.46666625	-0.00524684
-156.43333292	-0.00488200
-156.39999959	-0.00465027
-156.36666625	-0.00473094
-156.33333292	-0.00460974
-156.29999959	-0.00480031
-156.26666625	-0.00529373
-156.23333292	-0.00567776
-156.19999959	-0.00650302
-156.16666625	-0.00726686
-156.13333292	-0.00801175
-156.09999958	-0.00887485
-156.06666625	-0.00981378
-156.03333292	-0.01095892
-155.99999958	-0.01169047
-155.96666625	-0.01240621
-155.93333292	-0.01270036
-155.89999958	-0.01284499
-155.86666625	-0.01304108
-155.83333292	-0.01311105
-155.79999958	-0.01266306
-155.76666625	-0.01211697
-155.73333292	-0.01147396
-155.69999958	-0.01090700
-155.66666625	-0.00995374
-155.63333292	-0.00946958
-155.59999958	-0.00846510
-155.56666625	-0.00808926
-155.53333292	-0.00719875
-155.49999958	-0.00657071
-155.46666625	-0.00586026
-155.43333292	-0.00546765
-155.39999958	-0.00501432
-155.36666625	-0.00400044
-155.33333291	-0.00352756
-155.29999958	-0.00258361
-155.26666625	-0.00187531
-155.23333291	-0.00118356
-155.19999958	-0.00027332
-155.16666625	0.00062894
-155.13333291	0.00162871
-155.09999958	0.00278187
-155.06666625	0.00364597
-155.03333291	0.00487227
-154.99999958	0.00581020
-154.96666625	0.00682819
-154.93333291	0.00758919
-154.89999958	0.00845876
-154.86666625	0.00898618
-154.83333291	0.00941313
-154.79999958	0.00959757
-154.76666625	0.00969064
-154.73333291	0.00941396
-154.69999958	0.00892767
-154.66666625	0.00851215
-154.63333291	0.00791060
-154.59999958	0.00717853
-154.56666624	0.00637691
-154.53333291	0.00576386
-154.49999958	0.00488625
-154.46666624	0.00398781
-154.43333291	0.00350221
-154.39999958	0.00300103
-154.36666624	0.00249261
-154.33333291	0.00234933
-154.29999958	0.00243853
-154.26666624	0.00217481
-154.23333291	0.00217643
-154.19999958	0.00242710
-154.16666624	0.00266769
-154.13333291	0.00299547
-154.09999958	0.00310143
-154.06666624	0.00354306
-154.03333291	0.00378076
-153.99999958	0.00403038
-153.96666624	0.00421502
-153.93333291	0.00439959
-153.89999958	0.00457065
-153.86666624	0.00462755
-153.83333291	0.00487038
-153.79999958	0.00505904
-153.76666624	0.00511928
-153.73333291	0.00528763
-153.69999957	0.00527150
-153.66666624	0.00561055
-153.63333291	0.00569703
-153.59999957	0.00603870
-153.56666624	0.00617753
-153.53333291	0.00637020
-153.49999957	0.00648885
-153.46666624	0.00667404
-153.43333291	0.00674190
-153.39999957	0.00684026
-153.36666624	0.00690953
-153.33333291	0.00682935
-153.29999957	0.00677786
-153.26666624	0.00663093
-153.23333291	0.00652453
-153.19999957	0.00627858
-153.16666624	0.00612250
-153.13333291	0.00594884
-153.09999957	0.00567229
-153.06666624	0.00540958
-153.03333291	0.00508985
-152.99999957	0.00492989
-152.96666624	0.00466017
-152.93333290	0.00444625
-152.89999957	0.00420889
-152.86666624	0.00391383
-152.83333290	0.00365459
-152.79999957	0.00342449
-152.76666624	0.00321044
-152.73333290	0.00297064
-152.69999957	0.00276484
-152.66666624	0.00254984
-152.63333290	0.00234898
-152.59999957	0.00212499
-152.56666624	0.00197227
-152.53333290	0.00183411
-152.49999957	0.00168631
-152.46666624	0.00156216
-152.43333290	0.00142905
-152.39999957	0.00137880
-152.36666624	0.00129701
-152.33333290	0.00122274
-152.29999957	0.00118220
-152.26666624	0.00114263
-152.23333290	0.00109177
-152.19999957	0.00107087
-152.16666623	0.00103457
-152.13333290	0.00098588
-152.09999957	0.00091975
-152.06666623	0.00089247
-152.03333290	0.00084255
-151.99999957	0.00079016
-151.96666623	0.00073452
-151.93333290	0.00066512
-151.89999957	0.00061842
-151.86666623	0.00056683
-151.83333290	0.00050795
-151.79999957	0.00046466
-151.76666623	0.00042342
-151.73333290	0.00038505
-151.69999957	0.00034927
-151.66666623	0.00032251
-151.63333290	0.00029023
-151.59999957	0.00026032
-151.56666623	0.00023349
-151.53333290	0.00020530
-151.49999957	0.00017602
-151.46666623	0.00014745
-151.43333290	0.00011819
-151.39999956	0.00009070
-151.36666623	0.00006628
-151.33333290	0.00004403
-151.29999956	0.00002587
-151.26666623	0.00001198
-151.23333290	0.00000304
-151.19999956	0.00000000
