
-251.16666666	0.00000000
-251.13333333	-0.00000001
-251.10000000	-0.00000006
-251.06666666	0.00000006
-251.03333333	-0.00000034
-251.00000000	0.00000008
-250.96666667	-0.00000103
-250.93333333	-0.00000049
-250.90000000	0.00000042
-250.86666667	0.00000058
-250.83333333	0.00000039
-250.80000000	-0.00000391
-250.76666667	-0.00000385
-250.73333333	-0.00000031
-250.70000000	0.00000162
-250.66666667	-0.00000530
-250.63333334	0.00000071
-250.60000000	0.00000616
-250.56666667	0.00001316
-250.53333334	0.00000129
-250.50000000	0.00000319
-250.46666667	0.00000118
-250.43333334	0.00000111
-250.40000000	-0.00000478
-250.36666667	0.00001237
-250.33333334	0.00001167
-250.30000001	0.00001307
-250.26666667	0.00000997
-250.23333334	-0.00000060
-250.20000001	0.00001352
-250.16666667	0.00002154
-250.13333334	0.00000545
-250.10000001	-0.00000612
-250.06666668	0.00000925
-250.03333334	0.00000222
-250.00000001	0.00002713
-249.96666668	0.00003168
-249.93333334	0.00002560
-249.90000001	0.00005400
-249.86666668	0.00005128
-249.83333334	0.00000065
-249.80000001	0.00002381
-249.76666668	0.00002905
-249.73333335	0.00001083
-249.70000001	0.00002644
-249.66666668	0.00002734
-249.63333335	0.00007142
-249.60000001	0.00006824
-249.56666668	-0.00003058
-249.53333335	0.00000761
-249.50000001	0.00002163
-249.46666668	0.00004894
-249.43333335	0.00002816
-249.40000002	0.00004314
-249.36666668	-0.00002070
-249.33333335	0.00002792
-249.30000002	0.00002062
-249.26666668	0.00005285
-249.23333335	-0.00006325
-249.20000002	-0.00000733
-249.16666668	-0.00005931
-249.13333335	0.00001441
-249.10000002	-0.00002220
-249.06666669	0.00005386
-249.03333335	0.00001924
-249.00000002	-0.00000660
-248.96666669	0.00003013
-248.93333335	-0.00002405
-248.90000002	0.00002489
-248.86666669	0.00002660
-248.83333335	-0.00009501
-248.80000002	-0.00004125
-248.76666669	-0.00001122
-248.73333336	-0.00004701
-248.70000002	-0.00006252
-248.66666669	-0.00002866
-248.63333336	-0.00010948
-248.60000002	-0.00005674
-248.56666669	-0.00004370
-248.53333336	-0.00010800
-248.50000002	-0.00012313
-248.46666669	-0.00002375
-248.43333336	-0.00000208
-248.40000003	-0.00002278
-248.36666669	0.00010390
-248.33333336	0.00008971
-248.30000003	0.00005111
-248.26666669	0.00003593
-248.23333336	0.00021290
-248.20000003	0.00026538
-248.16666669	0.00013642
-248.13333336	0.00007853
-248.10000003	0.00028600
-248.06666670	0.00020551
-248.03333336	0.00028685
-248.00000003	0.00012965
-247.96666670	0.00027996
-247.93333336	0.00025188
-247.90000003	0.00026403
-247.86666670	0.00061347
-247.83333337	0.00062883
-247.80000003	0.00037928
-247.76666670	0.00024768
-247.73333337	0.00040124
-247.70000003	0.00067988
-247.66666670	0.00077613
-247.63333337	0.00063789
-247.60000003	0.00070667
-247.56666670	0.00081192
-247.53333337	0.00092067
-247.50000004	0.00068866
-247.46666670	0.00078254
-247.43333337	0.00097066
-247.40000004	0.00078187
-247.36666670	0.00084348
-247.33333337	0.00085111
-247.30000004	0.00089615
-247.26666670	0.00100591
-247.23333337	0.00103019
-247.20000004	0.00112545
-247.16666671	0.00097672
-247.13333337	0.00109961
-247.10000004	0.00083368
-247.06666671	0.00092753
-247.03333337	0.00110080
-247.00000004	0.00106436
-246.96666671	0.00115548
-246.93333337	0.00120141
-246.90000004	0.00129798
-246.86666671	0.00110145
-246.83333338	0.00116465
-246.80000004	0.00101857
-246.76666671	0.00120291
-246.73333338	0.00113384
-246.70000004	0.00097987
-246.66666671	0.00121450
-246.63333338	0.00116633
-246.60000004	0.00100925
-246.56666671	0.00088288
-246.53333338	0.00092237
-246.50000005	0.00082271
-246.46666671	0.00062865
-246.43333338	0.00103784
-246.40000005	0.00068560
-246.36666671	0.00083259
-246.33333338	0.00070102
-246.30000005	0.00058368
-246.26666671	0.00069269
-246.23333338	0.00083312
-246.20000005	0.00051364
-246.16666672	0.00044871
-246.13333338	0.00092185
-246.10000005	0.00050136
-246.06666672	0.00044490
-246.03333338	0.00046240
-246.00000005	0.00043939
-245.96666672	0.00058665
-245.93333338	0.00035406
-245.90000005	0.00046853
-245.86666672	0.00036603
-245.83333339	0.00034530
-245.80000005	0.00003453
-245.76666672	0.00044404
-245.73333339	0.00054253
-245.70000005	0.00022786
-245.66666672	0.00016168
-245.63333339	0.00036638
-245.60000006	0.00027641
-245.56666672	0.00013662
-245.53333339	0.00014392
-245.50000006	0.00038956
-245.46666672	0.00036670
-245.43333339	0.00018517
-245.40000006	0.00024101
-245.36666672	0.00026597
-245.33333339	0.00041893
-245.30000006	0.00049050
-245.26666673	0.00032836
-245.23333339	0.00036918
-245.20000006	0.00031399
-245.16666673	0.00018092
-245.13333339	0.00020477
-245.10000006	0.00021557
-245.06666673	0.00044049
-245.03333339	0.00035785
-245.00000006	0.00061353
-244.96666673	0.00063859
-244.93333340	0.00052012
-244.90000006	0.00037344
-244.86666673	0.00061927
-244.83333340	0.00064226
-244.80000006	0.00048016
-244.76666673	0.00033976
-244.73333340	0.00054861
-244.70000006	0.00062873
-244.66666673	0.00052108
-244.63333340	0.00059657
-244.60000007	0.00063302
-244.56666673	0.00026415
-244.53333340	0.00071655
-244.50000007	0.00038821
-244.46666673	0.00055450
-244.43333340	0.00039419
-244.40000007	0.00077931
-244.36666673	0.00084691
-244.33333340	0.00052374
-244.30000007	0.00042452
-244.26666674	0.00057897
-244.23333340	0.00063779
-244.20000007	0.00091405
-244.16666674	0.00061272
-244.13333340	0.00084511
-244.10000007	0.00077350
-244.06666674	0.00053957
-244.03333340	0.00084238
-244.00000007	0.00083294
-243.96666674	0.00075524
-243.93333341	0.00084771
-243.90000007	0.00075087
-243.86666674	0.00070903
-243.83333341	0.00090473
-243.80000007	0.00090313
-243.76666674	0.00111276
-243.73333341	0.00082045
-243.70000007	0.00090715
-243.66666674	0.00102200
-243.63333341	0.00101243
-243.60000008	0.00098200
-243.56666674	0.00098309
-243.53333341	0.00080200
-243.50000008	0.00118160
-243.46666674	0.00124300
-243.43333341	0.00112926
-243.40000008	0.00111962
-243.36666675	0.00113034
-243.33333341	0.00120532
-243.30000008	0.00113233
-243.26666675	0.00117307
-243.23333341	0.00125285
-243.20000008	0.00126684
-243.16666675	0.00118186
-243.13333341	0.00132295
-243.10000008	0.00122648
-243.06666675	0.00125903
-243.03333342	0.00138761
-243.00000008	0.00132045
-242.96666675	0.00105027
-242.93333342	0.00114222
-242.90000008	0.00134851
-242.86666675	0.00113297
-242.83333342	0.00114472
-242.80000008	0.00128253
-242.76666675	0.00116379
-242.73333342	0.00137389
-242.70000009	0.00111427
-242.66666675	0.00114678
-242.63333342	0.00095536
-242.60000009	0.00115071
-242.56666675	0.00103863
-242.53333342	0.00107856
-242.50000009	0.00107349
-242.46666675	0.00096847
-242.43333342	0.00088052
-242.40000009	0.00110303
-242.36666676	0.00112357
-242.33333342	0.00088975
-242.30000009	0.00082870
-242.26666676	0.00066433
-242.23333342	0.00069632
-242.20000009	0.00094961
-242.16666676	0.00079992
-242.13333342	0.00091310
-242.10000009	0.00081084
-242.06666676	0.00079023
-242.03333343	0.00071521
-242.00000009	0.00060049
-241.96666676	0.00061508
-241.93333343	0.00067892
-241.90000009	0.00070486
-241.86666676	0.00060620
-241.83333343	0.00049122
-241.80000009	0.00050887
-241.76666676	0.00063014
-241.73333343	0.00050855
-241.70000010	0.00088531
-241.66666676	0.00071594
-241.63333343	0.00068501
-241.60000010	0.00068160
-241.56666676	0.00045930
-241.53333343	0.00069845
-241.50000010	0.00071490
-241.46666676	0.00050795
-241.43333343	0.00066939
-241.40000010	0.00039960
-241.36666677	0.00056903
-241.33333343	0.00045147
-241.30000010	0.00094952
-241.26666677	0.00093691
-241.23333343	0.00076431
-241.20000010	0.00065640
-241.16666677	0.00057984
-241.13333344	0.00087273
-241.10000010	0.00093104
-241.06666677	0.00099682
-241.03333344	0.00095165
-241.00000010	0.00085507
-240.96666677	0.00086333
-240.93333344	0.00086974
-240.90000010	0.00079004
-240.86666677	0.00103401
-240.83333344	0.00107568
-240.80000011	0.00086771
-240.76666677	0.00101729
-240.73333344	0.00106115
-240.70000011	0.00106205
-240.66666677	0.00119135
-240.63333344	0.00105110
-240.60000011	0.00113684
-240.56666677	0.00105465
-240.53333344	0.00120196
-240.50000011	0.00114386
-240.46666678	0.00084755
-240.43333344	0.00106248
-240.40000011	0.00124705
-240.36666678	0.00113647
-240.33333344	0.00092226
-240.30000011	0.00124283
-240.26666678	0.00160179
-240.23333344	0.00132828
-240.20000011	0.00111244
-240.16666678	0.00141787
-240.13333345	0.00131598
-240.10000011	0.00139445
-240.06666678	0.00154725
-240.03333345	0.00151095
-240.00000011	0.00134364
-239.96666678	0.00158210
-239.93333345	0.00153775
-239.90000011	0.00147387
-239.86666678	0.00160710
-239.83333345	0.00144060
-239.80000012	0.00151614
-239.76666678	0.00163022
-239.73333345	0.00158389
-239.70000012	0.00156780
-239.66666678	0.00151905
-239.63333345	0.00172912
-239.60000012	0.00163552
-239.56666678	0.00188509
-239.53333345	0.00162129
-239.50000012	0.00170894
-239.46666679	0.00181469
-239.43333345	0.00181400
-239.40000012	0.00171708
-239.36666679	0.00169278
-239.33333345	0.00165471
-239.30000012	0.00167173
-239.26666679	0.00162842
-239.23333345	0.00175688
-239.20000012	0.00163669
-239.16666679	0.00189290
-239.13333346	0.00170968
-239.10000012	0.00179258
-239.06666679	0.00172787
-239.03333346	0.00182095
-239.00000012	0.00179184
-238.96666679	0.00179066
-238.93333346	0.00191062
-238.90000013	0.00185169
-238.86666679	0.00197552
-238.83333346	0.00184597
-238.80000013	0.00205935
-238.76666679	0.00194747
-238.73333346	0.00190700
-238.70000013	0.00206094
-238.66666679	0.00198876
-238.63333346	0.00218317
-238.60000013	0.00208133
-238.56666680	0.00200158
-238.53333346	0.00204288
-238.50000013	0.00231107
-238.46666680	0.00216751
-238.43333346	0.00244096
-238.40000013	0.00225744
-238.36666680	0.00244590
-238.33333346	0.00225545
-238.30000013	0.00241942
-238.26666680	0.00258258
-238.23333347	0.00262181
-238.20000013	0.00263394
-238.16666680	0.00236187
-238.13333347	0.00254310
-238.10000013	0.00289330
-238.06666680	0.00250844
-238.03333347	0.00271347
-238.00000013	0.00249252
-237.96666680	0.00282809
-237.93333347	0.00286257
-237.90000014	0.00290390
-237.86666680	0.00302337
-237.83333347	0.00307507
-237.80000014	0.00305700
-237.76666680	0.00330445
-237.73333347	0.00332816
-237.70000014	0.00326523
-237.66666680	0.00356843
-237.63333347	0.00368344
-237.60000014	0.00363968
-237.56666681	0.00368162
-237.53333347	0.00389042
-237.50000014	0.00386804
-237.46666681	0.00378115
-237.43333347	0.00359975
-237.40000014	0.00390167
-237.36666681	0.00386130
-237.33333347	0.00370457
-237.30000014	0.00384257
-237.26666681	0.00372494
-237.23333348	0.00361294
-237.20000014	0.00326781
-237.16666681	0.00263649
-237.13333348	0.00277492
-237.10000014	0.00224851
-237.06666681	0.00174489
-237.03333348	0.00151795
-237.00000014	0.00113528
-236.96666681	0.00062332
-236.93333348	-0.00024286
-236.90000015	-0.00045077
-236.86666681	-0.00105561
-236.83333348	-0.00143605
-236.80000015	-0.00173068
-236.76666681	-0.00179526
-236.73333348	-0.00219781
-236.70000015	-0.00210909
-236.66666681	-0.00226673
-236.63333348	-0.00212005
-236.60000015	-0.00215686
-236.56666682	-0.00180979
-236.53333348	-0.00150532
-236.50000015	-0.00131744
-236.46666682	-0.00097163
-236.43333348	-0.00082901
-236.40000015	-0.00039315
-236.36666682	0.00035380
-236.33333349	0.00067758
-236.30000015	0.00107055
-236.26666682	0.00153557
-236.23333349	0.00217637
-236.20000015	0.00217716
-236.16666682	0.00254856
-236.13333349	0.00326201
-236.10000015	0.00341187
-236.06666682	0.00354281
-236.03333349	0.00387495
-236.00000016	0.00399851
-235.96666682	0.00428969
-235.93333349	0.00438896
-235.90000016	0.00467693
-235.86666682	0.00458281
-235.83333349	0.00432035
-235.80000016	0.00413972
-235.76666682	0.00454490
-235.73333349	0.00380520
-235.70000016	0.00389460
-235.66666683	0.00326933
-235.63333349	0.00282965
-235.60000016	0.00238951
-235.56666683	0.00200338
-235.53333349	0.00164046
-235.50000016	0.00143490
-235.46666683	0.00116793
-235.43333349	0.00094742
-235.40000016	0.00084153
-235.36666683	0.00080530
-235.33333350	0.00091435
-235.30000016	0.00132664
-235.26666683	0.00147873
-235.23333350	0.00189123
-235.20000016	0.00252264
-235.16666683	0.00307170
-235.13333350	0.00347468
-235.10000016	0.00435959
-235.06666683	0.00480171
-235.03333350	0.00542219
-235.00000017	0.00620563
-234.96666683	0.00656533
-234.93333350	0.00708551
-234.90000017	0.00762582
-234.86666683	0.00798105
-234.83333350	0.00829475
-234.80000017	0.00861749
-234.76666683	0.00874947
-234.73333350	0.00913798
-234.70000017	0.00896006
-234.66666684	0.00910562
-234.63333350	0.00909779
-234.60000017	0.00913606
-234.56666684	0.00912655
-234.53333350	0.00926374
-234.50000017	0.00905376
-234.46666684	0.00909727
-234.43333350	0.00884869
-234.40000017	0.00864172
-234.36666684	0.00883986
-234.33333351	0.00854459
-234.30000017	0.00869216
-234.26666684	0.00843913
-234.23333351	0.00838878
-234.20000017	0.00861246
-234.16666684	0.00840823
-234.13333351	0.00836696
-234.10000018	0.00836179
-234.06666684	0.00820698
-234.03333351	0.00848011
-234.00000018	0.00843883
-233.96666684	0.00843483
-233.93333351	0.00860318
-233.90000018	0.00860289
-233.86666684	0.00885891
-233.83333351	0.00900963
-233.80000018	0.00894973
-233.76666685	0.00920377
-233.73333351	0.00955471
-233.70000018	0.00972293
-233.66666685	0.01003597
-233.63333351	0.01006653
-233.60000018	0.01019886
-233.56666685	0.01053935
-233.53333351	0.01048735
-233.50000018	0.01087322
-233.46666685	0.01074735
-233.43333352	0.01109531
-233.40000018	0.01108603
-233.36666685	0.01111514
-233.33333352	0.01145765
-233.30000018	0.01155884
-233.26666685	0.01147210
-233.23333352	0.01128018
-233.20000018	0.01144398
-233.16666685	0.01135064
-233.13333352	0.01126510
-233.10000019	0.01133478
-233.06666685	0.01132577
-233.03333352	0.01130743
-233.00000019	0.01125932
-232.96666685	0.01144155
-232.93333352	0.01134694
-232.90000019	0.01118895
-232.86666685	0.01103527
-232.83333352	0.01114233
-232.80000019	0.01126285
-232.76666686	0.01139974
-232.73333352	0.01140672
-232.70000019	0.01153891
-232.66666686	0.01156543
-232.63333352	0.01186120
-232.60000019	0.01183248
-232.56666686	0.01203085
-232.53333352	0.01168549
-232.50000019	0.01186362
-232.46666686	0.01172207
-232.43333353	0.01182579
-232.40000019	0.01212468
-232.36666686	0.01221653
-232.33333353	0.01237519
-232.30000019	0.01258493
-232.26666686	0.01292406
-232.23333353	0.01310029
-232.20000019	0.01340043
-232.16666686	0.01397318
-232.13333353	0.01433395
-232.10000020	0.01462334
-232.06666686	0.01514778
-232.03333353	0.01568437
-232.00000020	0.01623204
-231.96666686	0.01704259
-231.93333353	0.01758617
-231.90000020	0.01829724
-231.86666687	0.01898339
-231.83333353	0.01990123
-231.80000020	0.02071607
-231.76666687	0.02154440
-231.73333353	0.02219165
-231.70000020	0.02298222
-231.66666687	0.02405793
-231.63333353	0.02454076
-231.60000020	0.02556046
-231.56666687	0.02643354
-231.53333354	0.02728352
-231.50000020	0.02846537
-231.46666687	0.02919053
-231.43333354	0.03019186
-231.40000020	0.03112169
-231.36666687	0.03243408
-231.33333354	0.03341667
-231.30000020	0.03450075
-231.26666687	0.03575246
-231.23333354	0.03707714
-231.20000021	0.03823876
-231.16666687	0.03970751
-231.13333354	0.04064486
-231.10000021	0.04228720
-231.06666687	0.04373527
-231.03333354	0.04485075
-231.00000021	0.04634768
-230.96666687	0.04764380
-230.93333354	0.04911919
-230.90000021	0.05069951
-230.86666688	0.05222255
-230.83333354	0.05367899
-230.80000021	0.05537630
-230.76666688	0.05681856
-230.73333354	0.05879177
-230.70000021	0.06041468
-230.66666688	0.06205086
-230.63333354	0.06363761
-230.60000021	0.06538493
-230.56666688	0.06684067
-230.53333355	0.06858057
-230.50000021	0.07020831
-230.46666688	0.07173578
-230.43333355	0.07343013
-230.40000021	0.07506065
-230.36666688	0.07630805
-230.33333355	0.07784782
-230.30000021	0.07901710
-230.26666688	0.07965024
-230.23333355	0.08075165
-230.20000022	0.08132929
-230.16666688	0.08127123
-230.13333355	0.08108558
-230.10000022	0.08021027
-230.06666688	0.07846691
-230.03333355	0.07641955
-230.00000022	0.07270535
-229.96666688	0.06835580
-229.93333355	0.06237021
-229.90000022	0.05477170
-229.86666689	0.04488006
-229.83333355	0.03246273
-229.80000022	0.01728544
-229.76666689	-0.00105987
-229.73333355	-0.02393551
-229.70000022	-0.05170578
-229.66666689	-0.08502259
-229.63333356	-0.12544005
-229.60000022	-0.17428730
-229.56666689	-0.23283464
-229.53333356	-0.30280633
-229.50000022	-0.38576768
-229.46666689	-0.48266787
-229.43333356	-0.59381113
-229.40000022	-0.71971964
-229.36666689	-0.85879154
-229.33333356	-1.00818735
-229.30000023	-1.16386941
-229.26666689	-1.32103777
-229.23333356	-1.47283160
-229.20000023	-1.61156641
-229.16666689	-1.73152896
-229.13333356	-1.82589386
-229.10000023	-1.89024248
-229.06666689	-1.92132852
-229.03333356	-1.91830205
-229.00000023	-1.88084597
-228.96666690	-1.81113204
-228.93333356	-1.71068876
-228.90000023	-1.58256797
-228.86666690	-1.42985034
-228.83333356	-1.25552611
-228.80000023	-1.06357102
-228.76666690	-0.85800874
-228.73333356	-0.64317748
-228.70000023	-0.42394068
-228.66666690	-0.20436027
-228.63333357	0.01049250
-228.60000023	0.21828396
-228.56666690	0.41522004
-228.53333357	0.59851292
-228.50000023	0.76638928
-228.46666690	0.91627716
-228.43333357	1.04756397
-228.40000023	1.15970116
-228.36666690	1.25369370
-228.33333357	1.33157934
-228.30000024	1.39495560
-228.26666690	1.44580326
-228.23333357	1.48550535
-228.20000024	1.51459836
-228.16666690	1.53338981
-228.13333357	1.54150738
-228.10000024	1.53936091
-228.06666690	1.52714842
-228.03333357	1.50511872
-228.00000024	1.47398844
-227.96666691	1.43396466
-227.93333357	1.38518055
-227.90000024	1.32900107
-227.86666691	1.26620367
-227.83333357	1.19809397
-227.80000024	1.12685046
-227.76666691	1.05421417
-227.73333357	0.98196044
-227.70000024	0.91144696
-227.66666691	0.84389896
-227.63333358	0.78026954
-227.60000024	0.72101313
-227.56666691	0.66649740
-227.53333358	0.61598221
-227.50000024	0.56924600
-227.46666691	0.52530808
-227.43333358	0.48362673
-227.40000025	0.44309688
-227.36666691	0.40326187
-227.33333358	0.36292335
-227.30000025	0.32218757
-227.26666691	0.27997409
-227.23333358	0.23667644
-227.20000025	0.19168956
-227.16666691	0.14677722
-227.13333358	0.10150504
-227.10000025	0.05696809
-227.06666692	0.01475029
-227.03333358	-0.02496532
-227.00000025	-0.06201369
-226.96666692	-0.09658138
-226.93333358	-0.12803395
-226.90000025	-0.15624074
-226.86666692	-0.18126976
-226.83333358	-0.20299620
-226.80000025	-0.22062395
-226.76666692	-0.23474583
-226.73333359	-0.24499074
-226.70000025	-0.25204781
-226.66666692	-0.25609406
-226.63333359	-0.25806016
-226.60000025	-0.25792007
-226.56666692	-0.25741295
-226.53333359	-0.25599378
-226.50000025	-0.25467313
-226.46666692	-0.25360142
-226.43333359	-0.25262064
-226.40000026	-0.25221792
-226.36666692	-0.25233970
-226.33333359	-0.25284423
-226.30000026	-0.25377660
-226.26666692	-0.25415251
-226.23333359	-0.25437936
-226.20000026	-0.25433224
-226.16666692	-0.25367908
-226.13333359	-0.25325885
-226.10000026	-0.25278542
-226.06666693	-0.25230780
-226.03333359	-0.25088754
-226.00000026	-0.24895960
-225.96666693	-0.24550127
-225.93333359	-0.24082315
-225.90000026	-0.23400795
-225.86666693	-0.22599823
-225.83333359	-0.21653801
-225.80000026	-0.20584100
-225.76666693	-0.19376328
-225.73333360	-0.18038674
-225.70000026	-0.16641989
-225.66666693	-0.15102516
-225.63333360	-0.13584935
-225.60000026	-0.12080926
-225.56666693	-0.10704347
-225.53333360	-0.09450757
-225.50000026	-0.08464455
-225.46666693	-0.07683897
-225.43333360	-0.07144070
-225.40000027	-0.06830196
-225.36666693	-0.06709958
-225.33333360	-0.06718089
-225.30000027	-0.06805056
-225.26666693	-0.06836147
-225.23333360	-0.06870295
-225.20000027	-0.06782615
-225.16666694	-0.06566500
-225.13333360	-0.06234467
-225.10000027	-0.05716374
-225.06666694	-0.05094172
-225.03333360	-0.04365876
-225.00000027	-0.03602369
-224.96666694	-0.02869926
-224.93333360	-0.02164422
-224.90000027	-0.01526359
-224.86666694	-0.01017574
-224.83333361	-0.00507744
-224.80000027	-0.00099871
-224.76666694	0.00219023
-224.73333361	0.00386959
-224.70000027	0.00480800
-224.66666694	0.00409228
-224.63333361	0.00176231
-224.60000027	-0.00166667
-224.56666694	-0.00577906
-224.53333361	-0.01117966
-224.50000028	-0.01725266
-224.46666694	-0.02395100
-224.43333361	-0.03032851
-224.40000028	-0.03654927
-224.36666694	-0.04160461
-224.33333361	-0.04585114
-224.30000028	-0.04828733
-224.26666694	-0.04961814
-224.23333361	-0.05029468
-224.20000028	-0.05049919
-224.16666695	-0.05002611
-224.13333361	-0.04960521
-224.10000028	-0.04895249
-224.06666695	-0.04794283
-224.03333361	-0.04616414
-224.00000028	-0.04354420
-223.96666695	-0.03950706
-223.93333361	-0.03400146
-223.90000028	-0.02724797
-223.86666695	-0.02002027
-223.83333362	-0.01298412
-223.80000028	-0.00638145
-223.76666695	-0.00081390
-223.73333362	0.00383015
-223.70000028	0.00791548
-223.66666695	0.01193843
-223.63333362	0.01558306
-223.60000028	0.01888210
-223.56666695	0.02226633
-223.53333362	0.02471742
-223.50000029	0.02653770
-223.46666695	0.02738440
-223.43333362	0.02794973
-223.40000029	0.02722157
-223.36666695	0.02555833
-223.33333362	0.02348233
-223.30000029	0.02014938
-223.26666695	0.01609773
-223.23333362	0.01125621
-223.20000029	0.00650943
-223.16666696	0.00220282
-223.13333362	-0.00220877
-223.10000029	-0.00656457
-223.06666696	-0.01092252
-223.03333362	-0.01533695
-223.00000029	-0.01892455
-222.96666696	-0.02200556
-222.93333363	-0.02437227
-222.90000029	-0.02504763
-222.86666696	-0.02507899
-222.83333363	-0.02456063
-222.80000029	-0.02394443
-222.76666696	-0.02378575
-222.73333363	-0.02345087
-222.70000029	-0.02345193
-222.66666696	-0.02251631
-222.63333363	-0.02196419
-222.60000030	-0.02123156
-222.56666696	-0.02037999
-222.53333363	-0.01992052
-222.50000030	-0.01931081
-222.46666696	-0.01846499
-222.43333363	-0.01698205
-222.40000030	-0.01506957
-222.36666696	-0.01283960
-222.33333363	-0.00992740
-222.30000030	-0.00732677
-222.26666697	-0.00562632
-222.23333363	-0.00456767
-222.20000030	-0.00370476
-222.16666697	-0.00274743
-222.13333363	-0.00134875
-222.10000030	0.00076961
-222.06666697	0.00255211
-222.03333363	0.00467010
-222.00000030	0.00549746
-221.96666697	0.00522029
-221.93333364	0.00353825
-221.90000030	0.00026520
-221.86666697	-0.00447829
-221.83333364	-0.00980448
-221.80000030	-0.01613377
-221.76666697	-0.02336622
-221.73333364	-0.03106936
-221.70000030	-0.03899717
-221.66666697	-0.04663904
-221.63333364	-0.05365951
-221.60000031	-0.05993241
-221.56666697	-0.06545175
-221.53333364	-0.07024961
-221.50000031	-0.07414710
-221.46666697	-0.07694818
-221.43333364	-0.07885878
-221.40000031	-0.07932249
-221.36666697	-0.07853543
-221.33333364	-0.07647204
-221.30000031	-0.07357144
-221.26666698	-0.07005094
-221.23333364	-0.06651888
-221.20000031	-0.06311122
-221.16666698	-0.05956847
-221.13333364	-0.05646657
-221.10000031	-0.05277000
-221.06666698	-0.04868106
-221.03333364	-0.04373178
-221.00000031	-0.03783386
-220.96666698	-0.03165876
-220.93333365	-0.02439039
-220.90000031	-0.01713272
-220.86666698	-0.00936140
-220.83333365	-0.00205611
-220.80000031	0.00496558
-220.76666698	0.01136133
-220.73333365	0.01630830
-220.70000032	0.02052152
-220.66666698	0.02392131
-220.63333365	0.02593964
-220.60000032	0.02761126
-220.56666698	0.02911614
-220.53333365	0.03053933
-220.50000032	0.03180099
-220.46666698	0.03256873
-220.43333365	0.03313597
-220.40000032	0.03289178
-220.36666699	0.03243038
-220.33333365	0.03153200
-220.30000032	0.03056005
-220.26666699	0.02966128
-220.23333365	0.02889558
-220.20000032	0.02820679
-220.16666699	0.02751727
-220.13333365	0.02737123
-220.10000032	0.02722975
-220.06666699	0.02748747
-220.03333366	0.02835026
-220.00000032	0.02918918
-219.96666699	0.02994500
-219.93333366	0.02996521
-219.90000032	0.02883644
-219.86666699	0.02620566
-219.83333366	0.02201555
-219.80000032	0.01610841
-219.76666699	0.00874553
-219.73333366	0.00029512
-219.70000033	-0.00933184
-219.66666699	-0.01957243
-219.63333366	-0.02982885
-219.60000033	-0.04035757
-219.56666699	-0.05021269
-219.53333366	-0.05993343
-219.50000033	-0.06822326
-219.46666699	-0.07556026
-219.43333366	-0.08175212
-219.40000033	-0.08676855
-219.36666700	-0.09024649
-219.33333366	-0.09203659
-219.30000033	-0.09206761
-219.26666700	-0.09035553
-219.23333366	-0.08622170
-219.20000033	-0.08008916
-219.16666700	-0.07231476
-219.13333366	-0.06286580
-219.10000033	-0.05205965
-219.06666700	-0.04079298
-219.03333367	-0.02902714
-219.00000033	-0.01792227
-218.96666700	-0.00709414
-218.93333367	0.00319358
-218.90000033	0.01237936
-218.86666700	0.02079276
-218.83333367	0.02872565
-218.80000033	0.03613725
-218.76666700	0.04295233
-218.73333367	0.04891656
-218.70000034	0.05432397
-218.66666700	0.05865195
-218.63333367	0.06202098
-218.60000034	0.06437918
-218.56666700	0.06583077
-218.53333367	0.06663755
-218.50000034	0.06676487
-218.46666701	0.06642700
-218.43333367	0.06589763
-218.40000034	0.06514441
-218.36666701	0.06380764
-218.33333367	0.06208041
-218.30000034	0.06000151
-218.26666701	0.05719282
-218.23333367	0.05418864
-218.20000034	0.05094882
-218.16666701	0.04744302
-218.13333368	0.04362338
-218.10000034	0.03959592
-218.06666701	0.03513523
-218.03333368	0.03060256
-218.00000034	0.02546083
-217.96666701	0.01985944
-217.93333368	0.01406226
-217.90000034	0.00892193
-217.86666701	0.00351271
-217.83333368	-0.00143904
-217.80000035	-0.00595356
-217.76666701	-0.01081490
-217.73333368	-0.01582766
-217.70000035	-0.02114518
-217.66666701	-0.02636995
-217.63333368	-0.03209872
-217.60000035	-0.03689691
-217.56666701	-0.04099438
-217.53333368	-0.04364058
-217.50000035	-0.04550834
-217.46666702	-0.04617513
-217.43333368	-0.04571591
-217.40000035	-0.04410580
-217.36666702	-0.04140763
-217.33333368	-0.03744131
-217.30000035	-0.03267425
-217.26666702	-0.02689794
-217.23333368	-0.02067440
-217.20000035	-0.01400234
-217.16666702	-0.00717704
-217.13333369	0.00009445
-217.10000035	0.00649530
-217.06666702	0.01237092
-217.03333369	0.01710856
-217.00000035	0.02074998
-216.96666702	0.02294075
-216.93333369	0.02342844
-216.90000035	0.02245983
-216.86666702	0.02015981
-216.83333369	0.01696579
-216.80000036	0.01336469
-216.76666702	0.00925827
-216.73333369	0.00574295
-216.70000036	0.00293800
-216.66666702	0.00096435
-216.63333369	-0.00028667
-216.60000036	-0.00081325
-216.56666702	-0.00057566
-216.53333369	0.00090971
-216.50000036	0.00259462
-216.46666703	0.00521293
-216.43333369	0.00842921
-216.40000036	0.01144123
-216.36666703	0.01473600
-216.33333369	0.01753603
-216.30000036	0.01999388
-216.26666703	0.02088108
-216.23333370	0.02077051
-216.20000036	0.01965261
-216.16666703	0.01739869
-216.13333370	0.01425387
-216.10000036	0.01112993
-216.06666703	0.00797421
-216.03333370	0.00436961
-216.00000036	0.00073246
-215.96666703	-0.00272643
-215.93333370	-0.00564798
-215.90000037	-0.00818848
-215.86666703	-0.01074928
-215.83333370	-0.01237139
-215.80000037	-0.01373228
-215.76666703	-0.01486998
-215.73333370	-0.01586988
-215.70000037	-0.01657691
-215.66666703	-0.01697489
-215.63333370	-0.01697877
-215.60000037	-0.01644472
-215.56666704	-0.01495280
-215.53333370	-0.01292649
-215.50000037	-0.01042407
-215.46666704	-0.00778592
-215.43333370	-0.00486338
-215.40000037	-0.00249169
-215.36666704	-0.00015055
-215.33333370	0.00153753
-215.30000037	0.00231441
-215.26666704	0.00231874
-215.23333371	0.00164292
-215.20000037	0.00005649
-215.16666704	-0.00187268
-215.13333371	-0.00449186
-215.10000037	-0.00704487
-215.06666704	-0.00982605
-215.03333371	-0.01248888
-215.00000037	-0.01497559
-214.96666704	-0.01679302
-214.93333371	-0.01814909
-214.90000038	-0.01810455
-214.86666704	-0.01744150
-214.83333371	-0.01574198
-214.80000038	-0.01265384
-214.76666704	-0.00914771
-214.73333371	-0.00484577
-214.70000038	-0.00051125
-214.66666704	0.00392248
-214.63333371	0.00761206
-214.60000038	0.01048523
-214.56666705	0.01229026
-214.53333371	0.01332117
-214.50000038	0.01333630
-214.46666705	0.01259038
-214.43333371	0.01123054
-214.40000038	0.00933116
-214.36666705	0.00660566
-214.33333371	0.00375486
-214.30000038	0.00007063
-214.26666705	-0.00362413
-214.23333372	-0.00795800
-214.20000038	-0.01249707
-214.16666705	-0.01710631
-214.13333372	-0.02272741
-214.10000038	-0.02841267
-214.06666705	-0.03417712
-214.03333372	-0.03965738
-214.00000039	-0.04475353
-213.96666705	-0.04858530
-213.93333372	-0.05106713
-213.90000039	-0.05232403
-213.86666705	-0.05172485
-213.83333372	-0.05009659
-213.80000039	-0.04715614
-213.76666705	-0.04303350
-213.73333372	-0.03784900
-213.70000039	-0.03214306
-213.66666706	-0.02625897
-213.63333372	-0.02014420
-213.60000039	-0.01414876
-213.56666706	-0.00884206
-213.53333372	-0.00435303
-213.50000039	-0.00077021
-213.46666706	0.00189494
-213.43333372	0.00353777
-213.40000039	0.00445339
-213.36666706	0.00433054
-213.33333373	0.00307638
-213.30000039	0.00125876
-213.26666706	-0.00091427
-213.23333373	-0.00332117
-213.20000039	-0.00531369
-213.16666706	-0.00668016
-213.13333373	-0.00652038
-213.10000039	-0.00478665
-213.06666706	-0.00153235
-213.03333373	0.00268730
-213.00000040	0.00819351
-212.96666706	0.01350183
-212.93333373	0.01926793
-212.90000040	0.02432368
-212.86666706	0.02860469
-212.83333373	0.03169347
-212.80000040	0.03342007
-212.76666706	0.03403459
-212.73333373	0.03336683
-212.70000040	0.03145523
-212.66666707	0.02831893
-212.63333373	0.02457033
-212.60000040	0.01995533
-212.56666707	0.01440427
-212.53333373	0.00799189
-212.50000040	0.00098897
-212.46666707	-0.00614282
-212.43333373	-0.01368005
-212.40000040	-0.02076078
-212.36666707	-0.02733639
-212.33333374	-0.03262938
-212.30000040	-0.03680901
-212.26666707	-0.03896618
-212.23333374	-0.03987406
-212.20000040	-0.03909934
-212.16666707	-0.03706474
-212.13333374	-0.03397022
-212.10000040	-0.02975857
-212.06666707	-0.02549546
-212.03333374	-0.02071006
-212.00000041	-0.01623702
-211.96666707	-0.01164071
-211.93333374	-0.00726099
-211.90000041	-0.00364591
-211.86666707	-0.00055137
-211.83333374	0.00221406
-211.80000041	0.00444638
-211.76666708	0.00657704
-211.73333374	0.00864688
-211.70000041	0.00996195
-211.66666708	0.01099621
-211.63333374	0.01117381
-211.60000041	0.01097520
-211.56666708	0.00969196
-211.53333374	0.00792276
-211.50000041	0.00570992
-211.46666708	0.00324569
-211.43333375	0.00114956
-211.40000041	-0.00020936
-211.36666708	-0.00087394
-211.33333375	-0.00062815
-211.30000041	0.00075369
-211.26666708	0.00301784
-211.23333375	0.00610129
-211.20000041	0.00962165
-211.16666708	0.01374178
-211.13333375	0.01763956
-211.10000042	0.02154083
-211.06666708	0.02494339
-211.03333375	0.02766680
-211.00000042	0.02977696
-210.96666708	0.03068985
-210.93333375	0.03113804
-210.90000042	0.03001209
-210.86666708	0.02880182
-210.83333375	0.02681659
-210.80000042	0.02454677
-210.76666709	0.02130961
-210.73333375	0.01790682
-210.70000042	0.01400328
-210.66666709	0.01026261
-210.63333375	0.00652257
-210.60000042	0.00274549
-210.56666709	-0.00050911
-210.53333375	-0.00410967
-210.50000042	-0.00707036
-210.46666709	-0.01045342
-210.43333376	-0.01313517
-210.40000042	-0.01544584
-210.36666709	-0.01738955
-210.33333376	-0.01897648
-210.30000042	-0.02005688
-210.26666709	-0.02082399
-210.23333376	-0.02122671
-210.20000042	-0.02157718
-210.16666709	-0.02182810
-210.13333376	-0.02174505
-210.10000043	-0.02173213
-210.06666709	-0.02191326
-210.03333376	-0.02283522
-210.00000043	-0.02433370
-209.96666709	-0.02673865
-209.93333376	-0.02975724
-209.90000043	-0.03402472
-209.86666709	-0.03860635
-209.83333376	-0.04373682
-209.80000043	-0.04911220
-209.76666710	-0.05412873
-209.73333376	-0.05942712
-209.70000043	-0.06375474
-209.66666710	-0.06724716
-209.63333376	-0.06974533
-209.60000043	-0.07067642
-209.56666710	-0.06995739
-209.53333377	-0.06721922
-209.50000043	-0.06276950
-209.46666710	-0.05634165
-209.43333377	-0.04875905
-209.40000043	-0.04000786
-209.36666710	-0.03119995
-209.33333377	-0.02245521
-209.30000043	-0.01373542
-209.26666710	-0.00615785
-209.23333377	0.00082055
-209.20000044	0.00673124
-209.16666710	0.01118906
-209.13333377	0.01508300
-209.10000044	0.01792723
-209.06666710	0.01962792
-209.03333377	0.02041502
-209.00000044	0.02069530
-208.96666710	0.02007644
-208.93333377	0.01948493
-208.90000044	0.01868796
-208.86666711	0.01783356
-208.83333377	0.01702591
-208.80000044	0.01649534
-208.76666711	0.01573464
-208.73333377	0.01503098
-208.70000044	0.01503375
-208.66666711	0.01530907
-208.63333377	0.01577170
-208.60000044	0.01671176
-208.56666711	0.01807118
-208.53333378	0.01905260
-208.50000044	0.01993758
-208.46666711	0.02029191
-208.43333378	0.02050759
-208.40000044	0.02002483
-208.36666711	0.01892388
-208.33333378	0.01777072
-208.30000044	0.01642837
-208.26666711	0.01503569
-208.23333378	0.01362672
-208.20000045	0.01212909
-208.16666711	0.01137179
-208.13333378	0.01072528
-208.10000045	0.01111863
-208.06666711	0.01185203
-208.03333378	0.01290433
-208.00000045	0.01442623
-207.96666711	0.01572097
-207.93333378	0.01689708
-207.90000045	0.01786718
-207.86666712	0.01877311
-207.83333378	0.01932158
-207.80000045	0.01968925
-207.76666712	0.01959822
-207.73333378	0.01924787
-207.70000045	0.01855942
-207.66666712	0.01766706
-207.63333378	0.01641087
-207.60000045	0.01489507
-207.56666712	0.01270438
-207.53333379	0.01049487
-207.50000045	0.00803077
-207.46666712	0.00589233
-207.43333379	0.00314903
-207.40000045	0.00068262
-207.36666712	-0.00216569
-207.33333379	-0.00434227
-207.30000046	-0.00693134
-207.26666712	-0.00863469
-207.23333379	-0.01036412
-207.20000046	-0.01235941
-207.16666712	-0.01370539
-207.13333379	-0.01540255
-207.10000046	-0.01683377
-207.06666712	-0.01867876
-207.03333379	-0.02011629
-207.00000046	-0.02191203
-206.96666713	-0.02311512
-206.93333379	-0.02429660
-206.90000046	-0.02558809
-206.86666713	-0.02625330
-206.83333379	-0.02695864
-206.80000046	-0.02696078
-206.76666713	-0.02649650
-206.73333379	-0.02525706
-206.70000046	-0.02312367
-206.66666713	-0.02083900
-206.63333380	-0.01825895
-206.60000046	-0.01536473
-206.56666713	-0.01271349
-206.53333380	-0.01033413
-206.50000046	-0.00833381
-206.46666713	-0.00619312
-206.43333380	-0.00464511
-206.40000046	-0.00290967
-206.36666713	-0.00136487
-206.33333380	0.00020649
-206.30000047	0.00137443
-206.26666713	0.00227730
-206.23333380	0.00287660
-206.20000047	0.00348641
-206.16666713	0.00413617
-206.13333380	0.00436479
-206.10000047	0.00503221
-206.06666713	0.00598370
-206.03333380	0.00711889
-206.00000047	0.00869425
-205.96666714	0.01013475
-205.93333380	0.01215884
-205.90000047	0.01405847
-205.86666714	0.01633058
-205.83333380	0.01808321
-205.80000047	0.01958978
-205.76666714	0.02097579
-205.73333380	0.02157290
-205.70000047	0.02224091
-205.66666714	0.02203087
-205.63333381	0.02163296
-205.60000047	0.02090997
-205.56666714	0.01980947
-205.53333381	0.01852090
-205.50000047	0.01672008
-205.46666714	0.01544963
-205.43333381	0.01403615
-205.40000047	0.01279574
-205.36666714	0.01220264
-205.33333381	0.01152402
-205.30000048	0.01097199
-205.26666714	0.01061671
-205.23333381	0.01032054
-205.20000048	0.01004014
-205.16666714	0.00945340
-205.13333381	0.00868075
-205.10000048	0.00765716
-205.06666715	0.00661494
-205.03333381	0.00554515
-205.00000048	0.00449162
-204.96666715	0.00305606
-204.93333381	0.00172068
-204.90000048	0.00039315
-204.86666715	-0.00148848
-204.83333381	-0.00299719
-204.80000048	-0.00480474
-204.76666715	-0.00615236
-204.73333382	-0.00711551
-204.70000048	-0.00789576
-204.66666715	-0.00792644
-204.63333382	-0.00800771
-204.60000048	-0.00759592
-204.56666715	-0.00647195
-204.53333382	-0.00551254
-204.50000048	-0.00360114
-204.46666715	-0.00163177
-204.43333382	0.00078463
-204.40000049	0.00372677
-204.36666715	0.00732733
-204.33333382	0.01090259
-204.30000049	0.01470036
-204.26666715	0.01853971
-204.23333382	0.02233725
-204.20000049	0.02569704
-204.16666715	0.02835909
-204.13333382	0.03089292
-204.10000049	0.03252589
-204.06666716	0.03336197
-204.03333382	0.03389719
-204.00000049	0.03347260
-203.96666716	0.03277914
-203.93333382	0.03188728
-203.90000049	0.03095014
-203.86666716	0.03011257
-203.83333382	0.02984643
-203.80000049	0.02972525
-203.76666716	0.03036367
-203.73333383	0.03074640
-203.70000049	0.03143842
-203.66666716	0.03162813
-203.63333383	0.03193544
-203.60000049	0.03125800
-203.56666716	0.02988653
-203.53333383	0.02779107
-203.50000049	0.02526845
-203.46666716	0.02147751
-203.43333383	0.01813467
-203.40000050	0.01436693
-203.36666716	0.01084730
-203.33333383	0.00718740
-203.30000050	0.00412834
-203.26666716	0.00107182
-203.23333383	-0.00189429
-203.20000050	-0.00477137
-203.16666716	-0.00714639
-203.13333383	-0.00955668
-203.10000050	-0.01147910
-203.06666717	-0.01276740
-203.03333383	-0.01379349
-203.00000050	-0.01359387
-202.96666717	-0.01284196
-202.93333383	-0.01135029
-202.90000050	-0.00888617
-202.86666717	-0.00598014
-202.83333384	-0.00255532
-202.80000050	0.00100367
-202.76666717	0.00446170
-202.73333384	0.00741793
-202.70000050	0.01021905
-202.66666717	0.01274563
-202.63333384	0.01496062
-202.60000050	0.01724386
-202.56666717	0.01941502
-202.53333384	0.02204790
-202.50000051	0.02421703
-202.46666717	0.02633532
-202.43333384	0.02762815
-202.40000051	0.02908186
-202.36666717	0.02956648
-202.33333384	0.03004633
-202.30000051	0.02923672
-202.26666717	0.02799471
-202.23333384	0.02666214
-202.20000051	0.02456690
-202.16666718	0.02217338
-202.13333384	0.01990885
-202.10000051	0.01751370
-202.06666718	0.01540144
-202.03333384	0.01381053
-202.00000051	0.01220604
-201.96666718	0.01132996
-201.93333384	0.01057066
-201.90000051	0.01006600
-201.86666718	0.01002340
-201.83333385	0.00951137
-201.80000051	0.00968633
-201.76666718	0.00934542
-201.73333385	0.00948379
-201.70000051	0.00932424
-201.66666718	0.00882375
-201.63333385	0.00831445
-201.60000051	0.00752586
-201.56666718	0.00690390
-201.53333385	0.00575442
-201.50000052	0.00467202
-201.46666718	0.00333597
-201.43333385	0.00190861
-201.40000052	0.00008165
-201.36666718	-0.00172820
-201.33333385	-0.00431665
-201.30000052	-0.00681663
-201.26666718	-0.00935242
-201.23333385	-0.01162483
-201.20000052	-0.01309883
-201.16666719	-0.01409618
-201.13333385	-0.01453701
-201.10000052	-0.01431367
-201.06666719	-0.01307462
-201.03333385	-0.01105336
-201.00000052	-0.00829370
-200.96666719	-0.00483870
-200.93333385	-0.00130020
-200.90000052	0.00250947
-200.86666719	0.00636935
-200.83333386	0.00948526
-200.80000052	0.01212024
-200.76666719	0.01413054
-200.73333386	0.01523431
-200.70000052	0.01600993
-200.66666719	0.01625793
-200.63333386	0.01606324
-200.60000053	0.01512951
-200.56666719	0.01385263
-200.53333386	0.01208128
-200.50000053	0.01008382
-200.46666719	0.00769539
-200.43333386	0.00483626
-200.40000053	0.00205666
-200.36666719	-0.00092670
-200.33333386	-0.00308560
-200.30000053	-0.00523920
-200.26666720	-0.00669669
-200.23333386	-0.00728772
-200.20000053	-0.00760370
-200.16666720	-0.00694035
-200.13333386	-0.00587247
-200.10000053	-0.00461399
-200.06666720	-0.00326205
-200.03333386	-0.00206108
-200.00000053	-0.00130507
-199.96666720	-0.00114520
-199.93333387	-0.00108772
-199.90000053	-0.00203118
-199.86666720	-0.00302571
-199.83333387	-0.00524140
-199.80000053	-0.00721304
-199.76666720	-0.00991390
-199.73333387	-0.01295196
-199.70000053	-0.01577354
-199.66666720	-0.01878100
-199.63333387	-0.02167092
-199.60000054	-0.02466884
-199.56666720	-0.02729945
-199.53333387	-0.03006564
-199.50000054	-0.03273423
-199.46666720	-0.03466104
-199.43333387	-0.03658363
-199.40000054	-0.03782715
-199.36666720	-0.03829727
-199.33333387	-0.03838031
-199.30000054	-0.03730446
-199.26666721	-0.03542598
-199.23333387	-0.03301144
-199.20000054	-0.03005462
-199.16666721	-0.02703541
-199.13333387	-0.02416980
-199.10000054	-0.02144381
-199.06666721	-0.01885526
-199.03333387	-0.01670405
-199.00000054	-0.01460975
-198.96666721	-0.01281174
-198.93333388	-0.01087872
-198.90000054	-0.00914465
-198.86666721	-0.00735794
-198.83333388	-0.00550420
-198.80000054	-0.00335259
-198.76666721	-0.00112614
-198.73333388	0.00055229
-198.70000054	0.00195603
-198.66666721	0.00283954
-198.63333388	0.00331451
-198.60000055	0.00297132
-198.56666721	0.00246715
-198.53333388	0.00150689
-198.50000055	0.00073202
-198.46666721	-0.00000355
-198.43333388	-0.00022672
-198.40000055	-0.00073094
-198.36666722	-0.00091681
-198.33333388	-0.00085510
-198.30000055	-0.00124752
-198.26666722	-0.00187674
-198.23333388	-0.00301970
-198.20000055	-0.00425419
-198.16666722	-0.00562413
-198.13333388	-0.00729198
-198.10000055	-0.00828145
-198.06666722	-0.00963085
-198.03333389	-0.01031011
-198.00000055	-0.01114833
-197.96666722	-0.01211373
-197.93333389	-0.01298246
-197.90000055	-0.01382503
-197.86666722	-0.01418896
-197.83333389	-0.01463966
-197.80000055	-0.01541836
-197.76666722	-0.01537914
-197.73333389	-0.01561072
-197.70000056	-0.01569684
-197.66666722	-0.01501781
-197.63333389	-0.01423882
-197.60000056	-0.01250407
-197.56666722	-0.01015532
-197.53333389	-0.00743637
-197.50000056	-0.00423985
-197.46666722	-0.00067069
-197.43333389	0.00348381
-197.40000056	0.00766846
-197.36666723	0.01202926
-197.33333389	0.01592419
-197.30000056	0.01976376
-197.26666723	0.02329047
-197.23333389	0.02616765
-197.20000056	0.02820422
-197.16666723	0.02979352
-197.13333389	0.03091125
-197.10000056	0.03149203
-197.06666723	0.03197678
-197.03333390	0.03162805
-197.00000056	0.03151531
-196.96666723	0.03100463
-196.93333390	0.03044150
-196.90000056	0.02939814
-196.86666723	0.02814631
-196.83333390	0.02688752
-196.80000056	0.02539590
-196.76666723	0.02385780
-196.73333390	0.02242236
-196.70000057	0.02091977
-196.66666723	0.01941918
-196.63333390	0.01807234
-196.60000057	0.01678023
-196.56666723	0.01585098
-196.53333390	0.01467383
-196.50000057	0.01332243
-196.46666723	0.01168484
-196.43333390	0.00969962
-196.40000057	0.00715634
-196.36666724	0.00426118
-196.33333390	0.00070391
-196.30000057	-0.00280381
-196.26666724	-0.00647382
-196.23333390	-0.00994803
-196.20000057	-0.01322444
-196.16666724	-0.01615282
-196.13333391	-0.01806228
-196.10000057	-0.01957115
-196.06666724	-0.02075953
-196.03333391	-0.02111345
-196.00000057	-0.02083879
-195.96666724	-0.02058875
-195.93333391	-0.02000282
-195.90000057	-0.01954522
-195.86666724	-0.01921406
-195.83333391	-0.01918893
-195.80000058	-0.01917525
-195.76666724	-0.01954568
-195.73333391	-0.01965349
-195.70000058	-0.01931187
-195.66666724	-0.01922736
-195.63333391	-0.01848457
-195.60000058	-0.01758570
-195.56666724	-0.01618952
-195.53333391	-0.01466252
-195.50000058	-0.01279414
-195.46666725	-0.01135454
-195.43333391	-0.00957961
-195.40000058	-0.00828147
-195.36666725	-0.00703405
-195.33333391	-0.00589574
-195.30000058	-0.00450314
-195.26666725	-0.00314363
-195.23333391	-0.00143109
-195.20000058	-0.00002323
-195.16666725	0.00214903
-195.13333392	0.00415878
-195.10000058	0.00603566
-195.06666725	0.00807892
-195.03333392	0.00933610
-195.00000058	0.01092149
-194.96666725	0.01231065
-194.93333392	0.01332701
-194.90000058	0.01365583
-194.86666725	0.01418629
-194.83333392	0.01410945
-194.80000059	0.01402976
-194.76666725	0.01402553
-194.73333392	0.01395871
-194.70000059	0.01361618
-194.66666725	0.01421270
-194.63333392	0.01455143
-194.60000059	0.01477533
-194.56666725	0.01465855
-194.53333392	0.01418416
-194.50000059	0.01331831
-194.46666726	0.01217558
-194.43333392	0.01031677
-194.40000059	0.00843714
-194.36666726	0.00595089
-194.33333392	0.00327825
-194.30000059	0.00075080
-194.26666726	-0.00247582
-194.23333392	-0.00541904
-194.20000059	-0.00839750
-194.16666726	-0.01138177
-194.13333393	-0.01447546
-194.10000059	-0.01725784
-194.06666726	-0.02048050
-194.03333393	-0.02311533
-194.00000059	-0.02574756
-193.96666726	-0.02752471
-193.93333393	-0.02900170
-193.90000060	-0.03000535
-193.86666726	-0.03001835
-193.83333393	-0.02947267
-193.80000060	-0.02856757
-193.76666726	-0.02719289
-193.73333393	-0.02532469
-193.70000060	-0.02349273
-193.66666726	-0.02147650
-193.63333393	-0.01940731
-193.60000060	-0.01735012
-193.56666727	-0.01529120
-193.53333393	-0.01366398
-193.50000060	-0.01229848
-193.46666727	-0.01090660
-193.43333393	-0.01040877
-193.40000060	-0.00986636
-193.36666727	-0.00957831
-193.33333393	-0.00936115
-193.30000060	-0.00951780
-193.26666727	-0.00984047
-193.23333394	-0.01054167
-193.20000060	-0.01132712
-193.16666727	-0.01224176
-193.13333394	-0.01318104
-193.10000060	-0.01438459
-193.06666727	-0.01548796
-193.03333394	-0.01645187
-193.00000060	-0.01758751
-192.96666727	-0.01843946
-192.93333394	-0.01955724
-192.90000061	-0.02043662
-192.86666727	-0.02132739
-192.83333394	-0.02278569
-192.80000061	-0.02408709
-192.76666727	-0.02510831
-192.73333394	-0.02683057
-192.70000061	-0.02802918
-192.66666727	-0.02945748
-192.63333394	-0.03122686
-192.60000061	-0.03234204
-192.56666728	-0.03378099
-192.53333394	-0.03491808
-192.50000061	-0.03551353
-192.46666728	-0.03621291
-192.43333394	-0.03610961
-192.40000061	-0.03588947
-192.36666728	-0.03542404
-192.33333394	-0.03469040
-192.30000061	-0.03382676
-192.26666728	-0.03320726
-192.23333395	-0.03201629
-192.20000061	-0.03119394
-192.16666728	-0.02979367
-192.13333395	-0.02854162
-192.10000061	-0.02685665
-192.06666728	-0.02479457
-192.03333395	-0.02251779
-192.00000061	-0.01966257
-191.96666728	-0.01639132
-191.93333395	-0.01279150
-191.90000062	-0.00881050
-191.86666728	-0.00468135
-191.83333395	-0.00092689
-191.80000062	0.00318416
-191.76666728	0.00688181
-191.73333395	0.01029217
-191.70000062	0.01376347
-191.66666729	0.01649570
-191.63333395	0.01918779
-191.60000062	0.02125984
-191.56666729	0.02270377
-191.53333395	0.02368187
-191.50000062	0.02434600
-191.46666729	0.02413914
-191.43333395	0.02360786
-191.40000062	0.02261114
-191.36666729	0.02162341
-191.33333396	0.02041617
-191.30000062	0.01884979
-191.26666729	0.01796372
-191.23333396	0.01674702
-191.20000062	0.01551938
-191.16666729	0.01453642
-191.13333396	0.01371546
-191.10000062	0.01331697
-191.06666729	0.01301435
-191.03333396	0.01262451
-191.00000063	0.01299224
-190.96666729	0.01294357
-190.93333396	0.01336305
-190.90000063	0.01322029
-190.86666729	0.01318586
-190.83333396	0.01288336
-190.80000063	0.01284371
-190.76666729	0.01189995
-190.73333396	0.01076116
-190.70000063	0.00953256
-190.66666730	0.00786005
-190.63333396	0.00626229
-190.60000063	0.00436245
-190.56666730	0.00243249
-190.53333396	0.00056546
-190.50000063	-0.00119609
-190.46666730	-0.00333945
-190.43333396	-0.00500642
-190.40000063	-0.00668639
-190.36666730	-0.00868850
-190.33333397	-0.01023628
-190.30000063	-0.01196619
-190.26666730	-0.01359657
-190.23333397	-0.01521343
-190.20000063	-0.01682773
-190.16666730	-0.01879433
-190.13333397	-0.02047660
-190.10000063	-0.02197996
-190.06666730	-0.02376927
-190.03333397	-0.02559432
-190.00000064	-0.02726829
-189.96666730	-0.02906438
-189.93333397	-0.03076660
-189.90000064	-0.03250176
-189.86666730	-0.03421341
-189.83333397	-0.03562947
-189.80000064	-0.03638644
-189.76666730	-0.03738631
-189.73333397	-0.03769367
-189.70000064	-0.03785523
-189.66666731	-0.03728858
-189.63333397	-0.03662426
-189.60000064	-0.03627213
-189.56666731	-0.03570944
-189.53333397	-0.03544415
-189.50000064	-0.03553409
-189.46666731	-0.03601081
-189.43333398	-0.03640946
-189.40000064	-0.03723756
-189.36666731	-0.03822588
-189.33333398	-0.03893155
-189.30000064	-0.03983973
-189.26666731	-0.04086651
-189.23333398	-0.04128052
-189.20000064	-0.04171074
-189.16666731	-0.04213271
-189.13333398	-0.04231236
-189.10000065	-0.04234210
-189.06666731	-0.04252910
-189.03333398	-0.04315472
-189.00000065	-0.04363176
-188.96666731	-0.04438673
-188.93333398	-0.04476536
-188.90000065	-0.04502346
-188.86666731	-0.04449468
-188.83333398	-0.04370591
-188.80000065	-0.04234521
-188.76666732	-0.04057063
-188.73333398	-0.03850638
-188.70000065	-0.03621603
-188.66666732	-0.03409382
-188.63333398	-0.03182875
-188.60000065	-0.02980774
-188.56666732	-0.02809984
-188.53333398	-0.02655984
-188.50000065	-0.02535880
-188.46666732	-0.02404764
-188.43333399	-0.02258533
-188.40000065	-0.02048127
-188.36666732	-0.01813052
-188.33333399	-0.01488089
-188.30000065	-0.01100471
-188.26666732	-0.00692532
-188.23333399	-0.00240657
-188.20000065	0.00252821
-188.16666732	0.00774352
-188.13333399	0.01271203
-188.10000066	0.01809880
-188.06666732	0.02337976
-188.03333399	0.02871459
-188.00000066	0.03384329
-187.96666732	0.03888241
-187.93333399	0.04371133
-187.90000066	0.04803142
-187.86666732	0.05191997
-187.83333399	0.05495264
-187.80000066	0.05769580
-187.76666733	0.05944845
-187.73333399	0.06074626
-187.70000066	0.06137776
-187.66666733	0.06186741
-187.63333399	0.06168183
-187.60000066	0.06165221
-187.56666733	0.06085976
-187.53333399	0.06068611
-187.50000066	0.05987268
-187.46666733	0.05979237
-187.43333400	0.05940384
-187.40000066	0.05925185
-187.36666733	0.05894838
-187.33333400	0.05890728
-187.30000066	0.05865032
-187.26666733	0.05914441
-187.23333400	0.05903044
-187.20000067	0.05889753
-187.16666733	0.05921109
-187.13333400	0.05958503
-187.10000067	0.06027428
-187.06666733	0.06129437
-187.03333400	0.06243540
-187.00000067	0.06394069
-186.96666733	0.06551085
-186.93333400	0.06691123
-186.90000067	0.06830447
-186.86666734	0.06928934
-186.83333400	0.06979650
-186.80000067	0.07024251
-186.76666734	0.07063383
-186.73333400	0.07093967
-186.70000067	0.07103227
-186.66666734	0.07164428
-186.63333400	0.07203478
-186.60000067	0.07297213
-186.56666734	0.07377723
-186.53333401	0.07483070
-186.50000067	0.07610580
-186.46666734	0.07745596
-186.43333401	0.07876941
-186.40000067	0.08020608
-186.36666734	0.08161424
-186.33333401	0.08324268
-186.30000067	0.08477935
-186.26666734	0.08637301
-186.23333401	0.08819001
-186.20000068	0.08930012
-186.16666734	0.09042357
-186.13333401	0.09131644
-186.10000068	0.09134555
-186.06666734	0.09158120
-186.03333401	0.09085698
-186.00000068	0.08995714
-185.96666734	0.08840862
-185.93333401	0.08636539
-185.90000068	0.08359096
-185.86666735	0.08083194
-185.83333401	0.07775610
-185.80000068	0.07476265
-185.76666735	0.07208114
-185.73333401	0.06920594
-185.70000068	0.06692313
-185.66666735	0.06481781
-185.63333401	0.06282076
-185.60000068	0.06185385
-185.56666735	0.06096388
-185.53333402	0.06014223
-185.50000068	0.05962582
-185.46666735	0.05971023
-185.43333402	0.05936819
-185.40000068	0.05904469
-185.36666735	0.05877814
-185.33333402	0.05807256
-185.30000068	0.05701001
-185.26666735	0.05527716
-185.23333402	0.05324939
-185.20000069	0.05072448
-185.16666735	0.04779474
-185.13333402	0.04436659
-185.10000069	0.04051220
-185.06666735	0.03659949
-185.03333402	0.03232842
-185.00000069	0.02802855
-184.96666736	0.02363978
-184.93333402	0.01939291
-184.90000069	0.01518590
-184.86666736	0.01174076
-184.83333402	0.00842596
-184.80000069	0.00593916
-184.76666736	0.00414962
-184.73333402	0.00304035
-184.70000069	0.00237930
-184.66666736	0.00262089
-184.63333403	0.00297132
-184.60000069	0.00369511
-184.56666736	0.00492613
-184.53333403	0.00601551
-184.50000069	0.00729273
-184.46666736	0.00802375
-184.43333403	0.00877045
-184.40000069	0.00937625
-184.36666736	0.00934835
-184.33333403	0.00883262
-184.30000070	0.00805921
-184.26666736	0.00696519
-184.23333403	0.00518576
-184.20000070	0.00323150
-184.16666736	0.00092607
-184.13333403	-0.00129198
-184.10000070	-0.00360694
-184.06666736	-0.00548880
-184.03333403	-0.00707828
-184.00000070	-0.00863112
-183.96666737	-0.00956901
-183.93333403	-0.01007850
-183.90000070	-0.01016550
-183.86666737	-0.00956007
-183.83333403	-0.00894221
-183.80000070	-0.00808650
-183.76666737	-0.00647836
-183.73333403	-0.00557908
-183.70000070	-0.00448612
-183.66666737	-0.00367773
-183.63333404	-0.00322450
-183.60000070	-0.00338927
-183.56666737	-0.00368240
-183.53333404	-0.00444645
-183.50000070	-0.00537066
-183.46666737	-0.00688211
-183.43333404	-0.00856203
-183.40000070	-0.00979746
-183.36666737	-0.01176877
-183.33333404	-0.01356879
-183.30000071	-0.01494140
-183.26666737	-0.01659099
-183.23333404	-0.01792462
-183.20000071	-0.01897274
-183.16666737	-0.01960603
-183.13333404	-0.02002650
-183.10000071	-0.02006995
-183.06666737	-0.01949970
-183.03333404	-0.01878452
-183.00000071	-0.01773661
-182.96666738	-0.01580735
-182.93333404	-0.01379605
-182.90000071	-0.01104157
-182.86666738	-0.00860337
-182.83333404	-0.00592449
-182.80000071	-0.00333673
-182.76666738	-0.00057226
-182.73333405	0.00198935
-182.70000071	0.00418992
-182.66666738	0.00596575
-182.63333405	0.00760164
-182.60000071	0.00879176
-182.56666738	0.00967372
-182.53333405	0.01071224
-182.50000071	0.01048743
-182.46666738	0.01010677
-182.43333405	0.00944062
-182.40000072	0.00845502
-182.36666738	0.00735449
-182.33333405	0.00557635
-182.30000072	0.00375064
-182.26666738	0.00223703
-182.23333405	0.00060703
-182.20000072	-0.00130180
-182.16666738	-0.00292932
-182.13333405	-0.00444412
-182.10000072	-0.00586671
-182.06666739	-0.00681313
-182.03333405	-0.00719655
-182.00000072	-0.00720261
-181.96666739	-0.00739494
-181.93333405	-0.00744043
-181.90000072	-0.00671533
-181.86666739	-0.00665009
-181.83333405	-0.00609673
-181.80000072	-0.00593084
-181.76666739	-0.00550946
-181.73333406	-0.00515327
-181.70000072	-0.00476252
-181.66666739	-0.00421935
-181.63333406	-0.00390419
-181.60000072	-0.00319227
-181.56666739	-0.00331091
-181.53333406	-0.00286903
-181.50000072	-0.00301975
-181.46666739	-0.00297884
-181.43333406	-0.00341131
-181.40000073	-0.00360071
-181.36666739	-0.00365774
-181.33333406	-0.00380690
-181.30000073	-0.00389820
-181.26666739	-0.00384586
-181.23333406	-0.00331503
-181.20000073	-0.00295727
-181.16666739	-0.00205257
-181.13333406	-0.00118526
-181.10000073	-0.00037200
-181.06666740	0.00039270
-181.03333406	0.00146854
-181.00000073	0.00223863
-180.96666740	0.00239503
-180.93333406	0.00225295
-180.90000073	0.00176267
-180.86666740	0.00085102
-180.83333406	0.00001530
-180.80000073	-0.00125832
-180.76666740	-0.00290946
-180.73333407	-0.00445716
-180.70000073	-0.00600621
-180.66666740	-0.00786936
-180.63333407	-0.00952218
-180.60000073	-0.01123096
-180.56666740	-0.01301808
-180.53333407	-0.01481965
-180.50000074	-0.01607207
-180.46666740	-0.01763140
-180.43333407	-0.01904121
-180.40000074	-0.02055621
-180.36666740	-0.02187726
-180.33333407	-0.02298841
-180.30000074	-0.02386842
-180.26666740	-0.02470842
-180.23333407	-0.02537421
-180.20000074	-0.02661002
-180.16666741	-0.02772975
-180.13333407	-0.02903776
-180.10000074	-0.03031243
-180.06666741	-0.03215177
-180.03333407	-0.03353363
-180.00000074	-0.03487407
-179.96666741	-0.03635694
-179.93333407	-0.03797038
-179.90000074	-0.03874164
-179.86666741	-0.03985081
-179.83333408	-0.04005936
-179.80000074	-0.04027321
-179.76666741	-0.04056739
-179.73333408	-0.04067021
-179.70000074	-0.04099575
-179.66666741	-0.04116163
-179.63333408	-0.04192748
-179.60000074	-0.04269158
-179.56666741	-0.04365992
-179.53333408	-0.04510981
-179.50000075	-0.04631740
-179.46666741	-0.04740629
-179.43333408	-0.04865717
-179.40000075	-0.04979606
-179.36666741	-0.05122635
-179.33333408	-0.05235883
-179.30000075	-0.05354294
-179.26666741	-0.05507705
-179.23333408	-0.05602003
-179.20000075	-0.05726120
-179.16666742	-0.05821195
-179.13333408	-0.05872585
-179.10000075	-0.05919567
-179.06666742	-0.05947173
-179.03333408	-0.05952698
-179.00000075	-0.05897775
-178.96666742	-0.05766858
-178.93333408	-0.05635646
-178.90000075	-0.05489421
-178.86666742	-0.05320444
-178.83333409	-0.05124209
-178.80000075	-0.04911751
-178.76666742	-0.04748719
-178.73333409	-0.04560663
-178.70000075	-0.04328640
-178.66666742	-0.04173979
-178.63333409	-0.03991170
-178.60000075	-0.03857455
-178.56666742	-0.03695961
-178.53333409	-0.03524555
-178.50000076	-0.03378850
-178.46666742	-0.03257770
-178.43333409	-0.03126371
-178.40000076	-0.02990164
-178.36666742	-0.02898196
-178.33333409	-0.02808469
-178.30000076	-0.02725522
-178.26666743	-0.02641398
-178.23333409	-0.02597125
-178.20000076	-0.02512692
-178.16666743	-0.02480428
-178.13333409	-0.02479093
-178.10000076	-0.02457134
-178.06666743	-0.02469495
-178.03333409	-0.02489209
-178.00000076	-0.02542466
-177.96666743	-0.02591518
-177.93333410	-0.02674608
-177.90000076	-0.02775978
-177.86666743	-0.02898022
-177.83333410	-0.03021390
-177.80000076	-0.03169132
-177.76666743	-0.03354528
-177.73333410	-0.03470986
-177.70000076	-0.03625674
-177.66666743	-0.03737569
-177.63333410	-0.03805358
-177.60000077	-0.03876177
-177.56666743	-0.03877122
-177.53333410	-0.03836594
-177.50000077	-0.03701226
-177.46666743	-0.03561040
-177.43333410	-0.03331391
-177.40000077	-0.03051060
-177.36666743	-0.02751368
-177.33333410	-0.02354180
-177.30000077	-0.01973805
-177.26666744	-0.01575943
-177.23333410	-0.01150507
-177.20000077	-0.00699787
-177.16666744	-0.00271934
-177.13333410	0.00122758
-177.10000077	0.00501473
-177.06666744	0.00866571
-177.03333410	0.01160378
-177.00000077	0.01452365
-176.96666744	0.01712676
-176.93333411	0.01959527
-176.90000077	0.02183730
-176.86666744	0.02370484
-176.83333411	0.02561141
-176.80000077	0.02720960
-176.76666744	0.02885018
-176.73333411	0.02977774
-176.70000077	0.03109326
-176.66666744	0.03182018
-176.63333411	0.03236069
-176.60000078	0.03320730
-176.56666744	0.03350138
-176.53333411	0.03390443
-176.50000078	0.03398956
-176.46666744	0.03409538
-176.43333411	0.03385528
-176.40000078	0.03327796
-176.36666744	0.03241456
-176.33333411	0.03135521
-176.30000078	0.02971566
-176.26666745	0.02777143
-176.23333411	0.02537449
-176.20000078	0.02247796
-176.16666745	0.01909744
-176.13333411	0.01572131
-176.10000078	0.01191582
-176.06666745	0.00753394
-176.03333412	0.00305574
-176.00000078	-0.00169961
-175.96666745	-0.00643427
-175.93333412	-0.01134969
-175.90000078	-0.01540123
-175.86666745	-0.01929510
-175.83333412	-0.02222411
-175.80000078	-0.02466475
-175.76666745	-0.02583533
-175.73333412	-0.02645740
-175.70000079	-0.02598702
-175.66666745	-0.02434061
-175.63333412	-0.02198472
-175.60000079	-0.01835143
-175.56666745	-0.01465130
-175.53333412	-0.00970019
-175.50000079	-0.00476296
-175.46666745	0.00067977
-175.43333412	0.00584906
-175.40000079	0.01104200
-175.36666746	0.01557510
-175.33333412	0.01944930
-175.30000079	0.02293385
-175.26666746	0.02573942
-175.23333412	0.02705271
-175.20000079	0.02814277
-175.16666746	0.02822244
-175.13333412	0.02716428
-175.10000079	0.02567238
-175.06666746	0.02361181
-175.03333413	0.02127141
-175.00000079	0.01902949
-174.96666746	0.01680745
-174.93333413	0.01440604
-174.90000079	0.01274418
-174.86666746	0.01136212
-174.83333413	0.01003668
-174.80000079	0.00977283
-174.76666746	0.00970116
-174.73333413	0.00961089
-174.70000080	0.00987562
-174.66666746	0.01033541
-174.63333413	0.01061764
-174.60000080	0.01123388
-174.56666746	0.01170242
-174.53333413	0.01214435
-174.50000080	0.01265568
-174.46666746	0.01248886
-174.43333413	0.01228092
-174.40000080	0.01201539
-174.36666747	0.01178822
-174.33333413	0.01123397
-174.30000080	0.01069733
-174.26666747	0.01056047
-174.23333413	0.00999234
-174.20000080	0.00936272
-174.16666747	0.00875635
-174.13333413	0.00819310
-174.10000080	0.00744052
-174.06666747	0.00696532
-174.03333414	0.00650931
-174.00000080	0.00588745
-173.96666747	0.00564174
-173.93333414	0.00528507
-173.90000080	0.00507173
-173.86666747	0.00498124
-173.83333414	0.00508466
-173.80000081	0.00460131
-173.76666747	0.00384740
-173.73333414	0.00349953
-173.70000081	0.00295748
-173.66666747	0.00203320
-173.63333414	0.00105279
-173.60000081	-0.00039332
-173.56666747	-0.00168291
-173.53333414	-0.00324969
-173.50000081	-0.00509121
-173.46666748	-0.00719680
-173.43333414	-0.00916272
-173.40000081	-0.01154321
-173.36666748	-0.01409039
-173.33333414	-0.01653663
-173.30000081	-0.01868931
-173.26666748	-0.02114671
-173.23333414	-0.02305007
-173.20000081	-0.02499782
-173.16666748	-0.02644784
-173.13333415	-0.02743173
-173.10000081	-0.02828883
-173.06666748	-0.02883565
-173.03333415	-0.02882029
-173.00000081	-0.02820438
-172.96666748	-0.02744687
-172.93333415	-0.02644794
-172.90000081	-0.02504293
-172.86666748	-0.02378167
-172.83333415	-0.02233177
-172.80000082	-0.02132772
-172.76666748	-0.01999568
-172.73333415	-0.01899077
-172.70000082	-0.01833587
-172.66666748	-0.01757164
-172.63333415	-0.01736536
-172.60000082	-0.01772502
-172.56666748	-0.01806926
-172.53333415	-0.01909093
-172.50000082	-0.02019690
-172.46666749	-0.02153748
-172.43333415	-0.02385460
-172.40000082	-0.02582605
-172.36666749	-0.02797656
-172.33333415	-0.03016018
-172.30000082	-0.03240901
-172.26666749	-0.03439560
-172.23333415	-0.03576239
-172.20000082	-0.03705852
-172.16666749	-0.03732621
-172.13333416	-0.03710051
-172.10000082	-0.03647840
-172.06666749	-0.03514226
-172.03333416	-0.03341256
-172.00000082	-0.03110419
-171.96666749	-0.02886889
-171.93333416	-0.02626376
-171.90000082	-0.02417870
-171.86666749	-0.02176305
-171.83333416	-0.01989754
-171.80000083	-0.01849662
-171.76666749	-0.01699364
-171.73333416	-0.01594243
-171.70000083	-0.01563349
-171.66666749	-0.01507107
-171.63333416	-0.01483630
-171.60000083	-0.01505621
-171.56666750	-0.01537836
-171.53333416	-0.01579376
-171.50000083	-0.01618919
-171.46666750	-0.01691186
-171.43333416	-0.01781057
-171.40000083	-0.01847819
-171.36666750	-0.01948049
-171.33333416	-0.02019926
-171.30000083	-0.02125595
-171.26666750	-0.02248497
-171.23333417	-0.02323929
-171.20000083	-0.02410728
-171.16666750	-0.02474348
-171.13333417	-0.02559585
-171.10000083	-0.02616078
-171.06666750	-0.02639269
-171.03333417	-0.02675445
-171.00000083	-0.02686376
-170.96666750	-0.02629298
-170.93333417	-0.02548922
-170.90000084	-0.02480227
-170.86666750	-0.02396746
-170.83333417	-0.02290919
-170.80000084	-0.02164977
-170.76666750	-0.02045517
-170.73333417	-0.01920950
-170.70000084	-0.01798783
-170.66666750	-0.01668389
-170.63333417	-0.01544946
-170.60000084	-0.01432650
-170.56666751	-0.01322525
-170.53333417	-0.01229465
-170.50000084	-0.01154185
-170.46666751	-0.01092681
-170.43333417	-0.01063425
-170.40000084	-0.01066941
-170.36666751	-0.01132923
-170.33333417	-0.01166978
-170.30000084	-0.01249939
-170.26666751	-0.01356131
-170.23333418	-0.01419910
-170.20000084	-0.01462595
-170.16666751	-0.01522262
-170.13333418	-0.01539124
-170.10000084	-0.01522931
-170.06666751	-0.01486969
-170.03333418	-0.01441674
-170.00000084	-0.01386067
-169.96666751	-0.01299094
-169.93333418	-0.01193012
-169.90000085	-0.01123603
-169.86666751	-0.01012966
-169.83333418	-0.00914633
-169.80000085	-0.00854657
-169.76666751	-0.00759010
-169.73333418	-0.00702028
-169.70000085	-0.00628673
-169.66666751	-0.00597772
-169.63333418	-0.00562005
-169.60000085	-0.00522360
-169.56666752	-0.00510602
-169.53333418	-0.00485561
-169.50000085	-0.00496002
-169.46666752	-0.00516117
-169.43333418	-0.00491091
-169.40000085	-0.00504266
-169.36666752	-0.00497010
-169.33333419	-0.00476258
-169.30000085	-0.00451060
-169.26666752	-0.00364761
-169.23333419	-0.00351601
-169.20000085	-0.00317101
-169.16666752	-0.00289193
-169.13333419	-0.00217805
-169.10000085	-0.00156803
-169.06666752	-0.00120493
-169.03333419	-0.00036160
-169.00000086	0.00005924
-168.96666752	0.00053575
-168.93333419	0.00081283
-168.90000086	0.00110707
-168.86666752	0.00134240
-168.83333419	0.00159981
-168.80000086	0.00217936
-168.76666752	0.00236207
-168.73333419	0.00262271
-168.70000086	0.00310594
-168.66666753	0.00375794
-168.63333419	0.00439186
-168.60000086	0.00549698
-168.56666753	0.00656781
-168.53333419	0.00800380
-168.50000086	0.00969586
-168.46666753	0.01140245
-168.43333419	0.01313138
-168.40000086	0.01517045
-168.36666753	0.01709540
-168.33333420	0.01960397
-168.30000086	0.02220192
-168.26666753	0.02419237
-168.23333420	0.02623091
-168.20000086	0.02816249
-168.16666753	0.02979243
-168.13333420	0.03087293
-168.10000086	0.03162062
-168.06666753	0.03182724
-168.03333420	0.03160444
-168.00000087	0.03092975
-167.96666753	0.03029705
-167.93333420	0.02884225
-167.90000087	0.02725931
-167.86666753	0.02529846
-167.83333420	0.02289344
-167.80000087	0.02080362
-167.76666753	0.01844239
-167.73333420	0.01643943
-167.70000087	0.01413414
-167.66666754	0.01241505
-167.63333420	0.01101899
-167.60000087	0.00993522
-167.56666754	0.00936467
-167.53333420	0.00889190
-167.50000087	0.00915313
-167.46666754	0.00989457
-167.43333420	0.01047815
-167.40000087	0.01153345
-167.36666754	0.01234941
-167.33333421	0.01361056
-167.30000087	0.01474375
-167.26666754	0.01602592
-167.23333421	0.01729956
-167.20000087	0.01840576
-167.16666754	0.01920384
-167.13333421	0.02035611
-167.10000088	0.02097609
-167.06666754	0.02164714
-167.03333421	0.02149428
-167.00000088	0.02188760
-166.96666754	0.02213872
-166.93333421	0.02177608
-166.90000088	0.02212359
-166.86666754	0.02192306
-166.83333421	0.02195664
-166.80000088	0.02240247
-166.76666755	0.02293122
-166.73333421	0.02353507
-166.70000088	0.02451983
-166.66666755	0.02546930
-166.63333421	0.02589408
-166.60000088	0.02700422
-166.56666755	0.02756056
-166.53333421	0.02794058
-166.50000088	0.02846546
-166.46666755	0.02876724
-166.43333422	0.02836020
-166.40000088	0.02819517
-166.36666755	0.02736733
-166.33333422	0.02632288
-166.30000088	0.02513675
-166.26666755	0.02374959
-166.23333422	0.02192496
-166.20000088	0.01999508
-166.16666755	0.01785400
-166.13333422	0.01533077
-166.10000089	0.01305331
-166.06666755	0.01077942
-166.03333422	0.00851498
-166.00000089	0.00634837
-165.96666755	0.00436383
-165.93333422	0.00290821
-165.90000089	0.00135865
-165.86666755	-0.00023031
-165.83333422	-0.00115931
-165.80000089	-0.00189526
-165.76666756	-0.00220055
-165.73333422	-0.00260010
-165.70000089	-0.00247016
-165.66666756	-0.00255648
-165.63333422	-0.00234700
-165.60000089	-0.00217884
-165.56666756	-0.00198457
-165.53333422	-0.00204713
-165.50000089	-0.00173848
-165.46666756	-0.00222430
-165.43333423	-0.00238067
-165.40000089	-0.00330925
-165.36666756	-0.00439819
-165.33333423	-0.00509301
-165.30000089	-0.00654914
-165.26666756	-0.00767408
-165.23333423	-0.00877455
-165.20000089	-0.01016493
-165.16666756	-0.01147842
-165.13333423	-0.01256678
-165.10000090	-0.01349043
-165.06666756	-0.01413187
-165.03333423	-0.01459257
-165.00000090	-0.01466763
-164.96666756	-0.01428860
-164.93333423	-0.01376538
-164.90000090	-0.01248782
-164.86666757	-0.01151773
-164.83333423	-0.00976838
-164.80000090	-0.00809380
-164.76666757	-0.00607553
-164.73333423	-0.00409509
-164.70000090	-0.00190665
-164.66666757	0.00023300
-164.63333423	0.00204247
-164.60000090	0.00357833
-164.56666757	0.00485712
-164.53333424	0.00589919
-164.50000090	0.00643071
-164.46666757	0.00704674
-164.43333424	0.00706532
-164.40000090	0.00686994
-164.36666757	0.00660873
-164.33333424	0.00573608
-164.30000090	0.00506520
-164.26666757	0.00463255
-164.23333424	0.00403669
-164.20000091	0.00330874
-164.16666757	0.00265565
-164.13333424	0.00247197
-164.10000091	0.00188680
-164.06666757	0.00120509
-164.03333424	0.00096667
-164.00000091	0.00061224
-163.96666757	0.00006149
-163.93333424	-0.00012533
-163.90000091	-0.00038807
-163.86666758	-0.00082056
-163.83333424	-0.00098145
-163.80000091	-0.00123194
-163.76666758	-0.00112370
-163.73333424	-0.00130389
-163.70000091	-0.00078665
-163.66666758	-0.00097256
-163.63333424	-0.00085561
-163.60000091	-0.00069383
-163.56666758	-0.00065582
-163.53333425	-0.00070028
-163.50000091	-0.00062822
-163.46666758	-0.00021392
-163.43333425	0.00008068
-163.40000091	0.00043398
-163.36666758	0.00124313
-163.33333425	0.00211902
-163.30000091	0.00287357
-163.26666758	0.00378725
-163.23333425	0.00481953
-163.20000092	0.00588837
-163.16666758	0.00710072
-163.13333425	0.00794791
-163.10000092	0.00889512
-163.06666758	0.01029427
-163.03333425	0.01076573
-163.00000092	0.01196294
-162.96666758	0.01287579
-162.93333425	0.01337373
-162.90000092	0.01388234
-162.86666759	0.01430332
-162.83333425	0.01467908
-162.80000092	0.01500890
-162.76666759	0.01507481
-162.73333425	0.01517874
-162.70000092	0.01536461
-162.66666759	0.01538893
-162.63333426	0.01521264
-162.60000092	0.01500863
-162.56666759	0.01479746
-162.53333426	0.01451556
-162.50000092	0.01445389
-162.46666759	0.01376129
-162.43333426	0.01324178
-162.40000092	0.01265705
-162.36666759	0.01220979
-162.33333426	0.01147245
-162.30000093	0.01075195
-162.26666759	0.01026810
-162.23333426	0.00935897
-162.20000093	0.00835940
-162.16666759	0.00748206
-162.13333426	0.00638547
-162.10000093	0.00552340
-162.06666759	0.00414103
-162.03333426	0.00320415
-162.00000093	0.00277495
-161.96666760	0.00197934
-161.93333426	0.00182106
-161.90000093	0.00144202
-161.86666760	0.00166579
-161.83333426	0.00177899
-161.80000093	0.00194490
-161.76666760	0.00244833
-161.73333426	0.00338664
-161.70000093	0.00366571
-161.66666760	0.00428854
-161.63333427	0.00499673
-161.60000093	0.00531669
-161.56666760	0.00589472
-161.53333427	0.00634527
-161.50000093	0.00689362
-161.46666760	0.00742214
-161.43333427	0.00753486
-161.40000093	0.00805882
-161.36666760	0.00805953
-161.33333427	0.00834539
-161.30000094	0.00844450
-161.26666760	0.00794279
-161.23333427	0.00774950
-161.20000094	0.00731974
-161.16666760	0.00710635
-161.13333427	0.00630586
-161.10000094	0.00604943
-161.06666760	0.00530179
-161.03333427	0.00448538
-161.00000094	0.00375272
-160.96666761	0.00274261
-160.93333427	0.00188099
-160.90000094	0.00119578
-160.86666761	0.00067399
-160.83333427	-0.00035073
-160.80000094	-0.00108287
-160.76666761	-0.00147246
-160.73333427	-0.00230420
-160.70000094	-0.00281281
-160.66666761	-0.00323705
-160.63333428	-0.00373865
-160.60000094	-0.00400702
-160.56666761	-0.00414082
-160.53333428	-0.00434477
-160.50000094	-0.00451931
-160.46666761	-0.00475215
-160.43333428	-0.00477235
-160.40000095	-0.00470236
-160.36666761	-0.00469683
-160.33333428	-0.00487800
-160.30000095	-0.00503557
-160.26666761	-0.00511599
-160.23333428	-0.00479054
-160.20000095	-0.00490567
-160.16666761	-0.00476119
-160.13333428	-0.00471865
-160.10000095	-0.00463053
-160.06666762	-0.00433778
-160.03333428	-0.00398227
-160.00000095	-0.00332744
-159.96666762	-0.00255987
-159.93333428	-0.00211965
-159.90000095	-0.00132061
-159.86666762	-0.00028724
-159.83333428	0.00058605
-159.80000095	0.00163322
-159.76666762	0.00257572
-159.73333429	0.00337695
-159.70000095	0.00414390
-159.66666762	0.00492985
-159.63333429	0.00562312
-159.60000095	0.00608367
-159.56666762	0.00634528
-159.53333429	0.00706642
-159.50000095	0.00695497
-159.46666762	0.00696049
-159.43333429	0.00719427
-159.40000096	0.00729090
-159.36666762	0.00745911
-159.33333429	0.00755468
-159.30000096	0.00773367
-159.26666762	0.00803276
-159.23333429	0.00832332
-159.20000096	0.00892749
-159.16666762	0.00956055
-159.13333429	0.00983862
-159.10000096	0.01054386
-159.06666763	0.01094817
-159.03333429	0.01143704
-159.00000096	0.01142323
-158.96666763	0.01193758
-158.93333429	0.01251774
-158.90000096	0.01265273
-158.86666763	0.01233569
-158.83333429	0.01214600
-158.80000096	0.01171678
-158.76666763	0.01121869
-158.73333430	0.01076650
-158.70000096	0.00994365
-158.66666763	0.00907907
-158.63333430	0.00812856
-158.60000096	0.00721273
-158.56666763	0.00595546
-158.53333430	0.00493836
-158.50000096	0.00394610
-158.46666763	0.00244338
-158.43333430	0.00128235
-158.40000097	0.00035810
-158.36666763	-0.00054543
-158.33333430	-0.00171432
-158.30000097	-0.00247087
-158.26666763	-0.00336204
-158.23333430	-0.00378521
-158.20000097	-0.00444614
-158.16666764	-0.00480252
-158.13333430	-0.00503670
-158.10000097	-0.00510332
-158.06666764	-0.00529374
-158.03333430	-0.00521233
-158.00000097	-0.00500149
-157.96666764	-0.00496900
-157.93333430	-0.00490120
-157.90000097	-0.00474002
-157.86666764	-0.00479855
-157.83333431	-0.00503722
-157.80000097	-0.00475630
-157.76666764	-0.00458551
-157.73333431	-0.00467711
-157.70000097	-0.00451378
-157.66666764	-0.00449997
-157.63333431	-0.00418398
-157.60000097	-0.00396004
-157.56666764	-0.00380457
-157.53333431	-0.00359480
-157.50000098	-0.00319676
-157.46666764	-0.00287252
-157.43333431	-0.00279181
-157.40000098	-0.00234042
-157.36666764	-0.00212678
-157.33333431	-0.00225489
-157.30000098	-0.00261583
-157.26666764	-0.00264688
-157.23333431	-0.00313260
-157.20000098	-0.00361257
-157.16666765	-0.00418477
-157.13333431	-0.00526880
-157.10000098	-0.00640567
-157.06666765	-0.00716770
-157.03333431	-0.00846692
-157.00000098	-0.00931510
-156.96666765	-0.01075509
-156.93333431	-0.01192083
-156.90000098	-0.01312776
-156.86666765	-0.01472060
-156.83333432	-0.01605775
-156.80000098	-0.01740577
-156.76666765	-0.01925305
-156.73333432	-0.02075655
-156.70000098	-0.02228796
-156.66666765	-0.02374967
-156.63333432	-0.02520051
-156.60000098	-0.02646110
-156.56666765	-0.02754406
-156.53333432	-0.02826173
-156.50000099	-0.02855007
-156.46666765	-0.02867368
-156.43333432	-0.02855983
-156.40000099	-0.02844720
-156.36666765	-0.02758806
-156.33333432	-0.02693101
-156.30000099	-0.02544657
-156.26666765	-0.02456314
-156.23333432	-0.02324988
-156.20000099	-0.02178002
-156.16666766	-0.02055943
-156.13333432	-0.01962244
-156.10000099	-0.01855624
-156.06666766	-0.01773874
-156.03333432	-0.01716267
-156.00000099	-0.01672664
-155.96666766	-0.01651603
-155.93333433	-0.01626655
-155.90000099	-0.01612976
-155.86666766	-0.01665632
-155.83333433	-0.01648770
-155.80000099	-0.01681657
-155.76666766	-0.01705540
-155.73333433	-0.01760395
-155.70000099	-0.01727391
-155.66666766	-0.01721659
-155.63333433	-0.01727537
-155.60000100	-0.01688375
-155.56666766	-0.01667539
-155.53333433	-0.01613653
-155.50000100	-0.01563692
-155.46666766	-0.01519897
-155.43333433	-0.01459077
-155.40000100	-0.01450748
-155.36666766	-0.01419013
-155.33333433	-0.01401728
-155.30000100	-0.01420697
-155.26666767	-0.01439300
-155.23333433	-0.01478582
-155.20000100	-0.01523034
-155.16666767	-0.01591639
-155.13333433	-0.01671045
-155.10000100	-0.01751711
-155.06666767	-0.01795002
-155.03333433	-0.01874632
-155.00000100	-0.01919983
-154.96666767	-0.01972635
-154.93333434	-0.02002460
-154.90000100	-0.02061979
-154.86666767	-0.02079295
-154.83333434	-0.02106939
-154.80000100	-0.02115977
-154.76666767	-0.02102905
-154.73333434	-0.02107477
-154.70000100	-0.02089618
-154.66666767	-0.02061612
-154.63333434	-0.01998840
-154.60000101	-0.01981128
-154.56666767	-0.01949042
-154.53333434	-0.01898080
-154.50000101	-0.01861708
-154.46666767	-0.01792505
-154.43333434	-0.01776207
-154.40000101	-0.01730529
-154.36666767	-0.01703701
-154.33333434	-0.01682556
-154.30000101	-0.01628102
-154.26666768	-0.01591435
-154.23333434	-0.01583578
-154.20000101	-0.01553349
-154.16666768	-0.01527241
-154.13333434	-0.01515348
-154.10000101	-0.01491084
-154.06666768	-0.01449340
-154.03333434	-0.01409532
-154.00000101	-0.01369014
-153.96666768	-0.01317091
-153.93333435	-0.01263090
-153.90000101	-0.01191061
-153.86666768	-0.01120868
-153.83333435	-0.01060275
-153.80000101	-0.00958634
-153.76666768	-0.00890672
-153.73333435	-0.00810392
-153.70000102	-0.00743922
-153.66666768	-0.00659239
-153.63333435	-0.00585646
-153.60000102	-0.00536769
-153.56666768	-0.00481027
-153.53333435	-0.00437451
-153.50000102	-0.00400776
-153.46666768	-0.00365083
-153.43333435	-0.00352615
-153.40000102	-0.00338564
-153.36666769	-0.00332386
-153.33333435	-0.00338741
-153.30000102	-0.00347219
-153.26666769	-0.00350289
-153.23333435	-0.00365545
-153.20000102	-0.00371123
-153.16666769	-0.00383276
-153.13333435	-0.00389284
-153.10000102	-0.00404843
-153.06666769	-0.00423597
-153.03333436	-0.00425995
-153.00000102	-0.00435177
-152.96666769	-0.00437763
-152.93333436	-0.00423643
-152.90000102	-0.00419191
-152.86666769	-0.00397456
-152.83333436	-0.00380244
-152.80000102	-0.00349742
-152.76666769	-0.00328275
-152.73333436	-0.00305736
-152.70000103	-0.00275815
-152.66666769	-0.00243371
-152.63333436	-0.00225237
-152.60000103	-0.00200721
-152.56666769	-0.00180549
-152.53333436	-0.00157939
-152.50000103	-0.00144080
-152.46666769	-0.00120959
-152.43333436	-0.00108557
-152.40000103	-0.00093043
-152.36666770	-0.00079018
-152.33333436	-0.00065909
-152.30000103	-0.00051202
-152.26666770	-0.00040103
-152.23333436	-0.00025428
-152.20000103	-0.00012996
-152.16666770	-0.00004159
-152.13333436	0.00007199
-152.10000103	0.00017410
-152.06666770	0.00025196
-152.03333437	0.00029990
-152.00000103	0.00035213
-151.96666770	0.00038531
-151.93333437	0.00038209
-151.90000103	0.00038651
-151.86666770	0.00035797
-151.83333437	0.00034632
-151.80000103	0.00031411
-151.76666770	0.00026956
-151.73333437	0.00022735
-151.70000104	0.00019092
-151.66666770	0.00015055
-151.63333437	0.00011451
-151.60000104	0.00008254
-151.56666770	0.00005714
-151.53333437	0.00003589
-151.50000104	0.00002362
-151.46666771	0.00001399
-151.43333437	0.00000683
-151.40000104	0.00000477
-151.36666771	0.00000198
-151.33333437	0.00000155
-151.30000104	0.00000088
-151.26666771	0.00000057
-151.23333437	0.00000021
-151.20000104	0.00000000
