
-251.16666666	0.00000000
-251.13333333	0.00000002
-251.09999999	-0.00000005
-251.06666666	-0.00000008
-251.03333333	-0.00000015
-250.99999999	-0.00000047
-250.96666666	0.00000022
-250.93333333	-0.00000111
-250.90000000	0.00000068
-250.86666666	-0.00000004
-250.83333333	0.00000031
-250.80000000	-0.00000095
-250.76666666	-0.00000054
-250.73333333	0.00000135
-250.70000000	0.00000423
-250.66666666	-0.00000101
-250.63333333	-0.00000057
-250.60000000	0.00000302
-250.56666666	-0.00000590
-250.53333333	-0.00000397
-250.50000000	-0.00000059
-250.46666667	0.00001189
-250.43333333	0.00000048
-250.40000000	0.00000070
-250.36666667	0.00001856
-250.33333333	-0.00001963
-250.30000000	-0.00001502
-250.26666667	0.00001019
-250.23333333	0.00001061
-250.20000000	0.00001323
-250.16666667	0.00000974
-250.13333334	0.00001106
-250.10000000	0.00001674
-250.06666667	0.00001763
-250.03333334	0.00002121
-250.00000000	0.00000834
-249.96666667	0.00002054
-249.93333334	0.00003586
-249.90000000	0.00005219
-249.86666667	0.00003808
-249.83333334	0.00001673
-249.80000001	0.00002239
-249.76666667	0.00002819
-249.73333334	0.00006873
-249.70000001	0.00002303
-249.66666667	0.00003974
-249.63333334	0.00000376
-249.60000001	0.00000564
-249.56666667	-0.00000870
-249.53333334	0.00002067
-249.50000001	-0.00004106
-249.46666667	0.00004140
-249.43333334	-0.00003909
-249.40000001	-0.00002171
-249.36666668	-0.00002596
-249.33333334	-0.00005126
-249.30000001	0.00001428
-249.26666668	-0.00006020
-249.23333334	0.00000464
-249.20000001	-0.00005869
-249.16666668	0.00001597
-249.13333334	0.00001626
-249.10000001	-0.00000670
-249.06666668	-0.00004503
-249.03333335	-0.00000942
-249.00000001	0.00008075
-248.96666668	-0.00001929
-248.93333335	-0.00007136
-248.90000001	-0.00004731
-248.86666668	0.00006921
-248.83333335	0.00002696
-248.80000001	-0.00002669
-248.76666668	-0.00000585
-248.73333335	0.00006548
-248.70000002	0.00005181
-248.66666668	0.00005110
-248.63333335	0.00001816
-248.60000002	0.00007903
-248.56666668	-0.00000905
-248.53333335	0.00007095
-248.50000002	0.00003456
-248.46666668	0.00018599
-248.43333335	0.00004115
-248.40000002	0.00020727
-248.36666668	0.00019863
-248.33333335	0.00023397
-248.30000002	0.00019025
-248.26666669	0.00015111
-248.23333335	0.00025870
-248.20000002	0.00015237
-248.16666669	0.00010100
-248.13333335	0.00015032
-248.10000002	0.00014484
-248.06666669	0.00015375
-248.03333335	0.00017761
-248.00000002	0.00006882
-247.96666669	0.00038449
-247.93333336	0.00032840
-247.90000002	0.00009023
-247.86666669	0.00014887
-247.83333336	0.00025255
-247.80000002	0.00033804
-247.76666669	0.00027534
-247.73333336	0.00031652
-247.70000002	0.00024370
-247.66666669	0.00033086
-247.63333336	0.00013261
-247.60000003	0.00038093
-247.56666669	0.00038211
-247.53333336	0.00014420
-247.50000003	0.00035693
-247.46666669	0.00019726
-247.43333336	0.00009492
-247.40000003	0.00034232
-247.36666669	0.00036788
-247.33333336	0.00039392
-247.30000003	0.00048059
-247.26666669	0.00058775
-247.23333336	0.00061551
-247.20000003	0.00037682
-247.16666670	0.00059345
-247.13333336	0.00060910
-247.10000003	0.00053065
-247.06666670	0.00055662
-247.03333336	0.00059137
-247.00000003	0.00039379
-246.96666670	0.00076074
-246.93333336	0.00064645
-246.90000003	0.00055179
-246.86666670	0.00080324
-246.83333337	0.00075029
-246.80000003	0.00076362
-246.76666670	0.00068182
-246.73333337	0.00061538
-246.70000003	0.00057350
-246.66666670	0.00076859
-246.63333337	0.00062931
-246.60000003	0.00075536
-246.56666670	0.00057578
-246.53333337	0.00091169
-246.50000004	0.00065210
-246.46666670	0.00049460
-246.43333337	0.00061764
-246.40000004	0.00064566
-246.36666670	0.00054562
-246.33333337	0.00035441
-246.30000004	0.00039873
-246.26666670	0.00045938
-246.23333337	0.00043921
-246.20000004	0.00045927
-246.16666670	0.00024127
-246.13333337	0.00024962
-246.10000004	0.00029965
-246.06666671	0.00045735
-246.03333337	0.00029601
-246.00000004	0.00033226
-245.96666671	0.00015173
-245.93333337	0.00004226
-245.90000004	0.00028953
-245.86666671	-0.00010054
-245.83333337	-0.00006731
-245.80000004	0.00000638
-245.76666671	-0.00018604
-245.73333338	0.00009680
-245.70000004	-0.00013865
-245.66666671	-0.00017464
-245.63333338	-0.00013984
-245.60000004	-0.00013483
-245.56666671	-0.00020535
-245.53333338	0.00004775
-245.50000004	-0.00001589
-245.46666671	0.00020234
-245.43333338	-0.00014907
-245.40000005	0.00001884
-245.36666671	-0.00002341
-245.33333338	-0.00015156
-245.30000005	-0.00001092
-245.26666671	-0.00024428
-245.23333338	-0.00005396
-245.20000005	-0.00010632
-245.16666671	0.00008175
-245.13333338	-0.00019527
-245.10000005	-0.00016948
-245.06666671	-0.00014339
-245.03333338	0.00001844
-245.00000005	0.00006876
-244.96666672	-0.00007840
-244.93333338	-0.00018345
-244.90000005	-0.00001097
-244.86666672	0.00012160
-244.83333338	-0.00002332
-244.80000005	0.00001861
-244.76666672	-0.00007825
-244.73333338	0.00030777
-244.70000005	0.00017285
-244.66666672	0.00043502
-244.63333339	0.00032367
-244.60000005	0.00009009
-244.56666672	0.00012529
-244.53333339	0.00033854
-244.50000005	0.00054926
-244.46666672	0.00027964
-244.43333339	0.00043661
-244.40000005	0.00048578
-244.36666672	0.00045376
-244.33333339	0.00045277
-244.30000006	0.00042515
-244.26666672	0.00066684
-244.23333339	0.00066526
-244.20000006	0.00060006
-244.16666672	0.00084326
-244.13333339	0.00072097
-244.10000006	0.00084539
-244.06666672	0.00068031
-244.03333339	0.00084002
-244.00000006	0.00069445
-243.96666672	0.00074198
-243.93333339	0.00072668
-243.90000006	0.00072550
-243.86666673	0.00079495
-243.83333339	0.00069065
-243.80000006	0.00068416
-243.76666673	0.00082637
-243.73333339	0.00069172
-243.70000006	0.00086772
-243.66666673	0.00055152
-243.63333339	0.00083404
-243.60000006	0.00085083
-243.56666673	0.00054374
-243.53333340	0.00066490
-243.50000006	0.00075884
-243.46666673	0.00099987
-243.43333340	0.00057078
-243.40000006	0.00064682
-243.36666673	0.00054866
-243.33333340	0.00087535
-243.30000006	0.00077995
-243.26666673	0.00069766
-243.23333340	0.00058703
-243.20000007	0.00081790
-243.16666673	0.00091164
-243.13333340	0.00078308
-243.10000007	0.00081440
-243.06666673	0.00076476
-243.03333340	0.00069962
-243.00000007	0.00083661
-242.96666673	0.00082040
-242.93333340	0.00092835
-242.90000007	0.00072744
-242.86666673	0.00084021
-242.83333340	0.00084191
-242.80000007	0.00084265
-242.76666674	0.00082039
-242.73333340	0.00096053
-242.70000007	0.00084778
-242.66666674	0.00101206
-242.63333340	0.00100998
-242.60000007	0.00109464
-242.56666674	0.00106605
-242.53333340	0.00087423
-242.50000007	0.00110741
-242.46666674	0.00111237
-242.43333341	0.00108522
-242.40000007	0.00114066
-242.36666674	0.00097040
-242.33333341	0.00112762
-242.30000007	0.00096264
-242.26666674	0.00102396
-242.23333341	0.00101550
-242.20000007	0.00106813
-242.16666674	0.00087433
-242.13333341	0.00094887
-242.10000008	0.00097914
-242.06666674	0.00103767
-242.03333341	0.00085341
-242.00000008	0.00104730
-241.96666674	0.00070634
-241.93333341	0.00063407
-241.90000008	0.00077561
-241.86666674	0.00091349
-241.83333341	0.00100156
-241.80000008	0.00081869
-241.76666674	0.00111829
-241.73333341	0.00117383
-241.70000008	0.00083648
-241.66666675	0.00106718
-241.63333341	0.00103816
-241.60000008	0.00113338
-241.56666675	0.00093837
-241.53333341	0.00097580
-241.50000008	0.00101314
-241.46666675	0.00120760
-241.43333341	0.00113916
-241.40000008	0.00101143
-241.36666675	0.00105139
-241.33333342	0.00106684
-241.30000008	0.00131520
-241.26666675	0.00116191
-241.23333342	0.00097375
-241.20000008	0.00133936
-241.16666675	0.00119462
-241.13333342	0.00124290
-241.10000008	0.00116377
-241.06666675	0.00120252
-241.03333342	0.00128826
-241.00000009	0.00125094
-240.96666675	0.00149873
-240.93333342	0.00153102
-240.90000009	0.00144093
-240.86666675	0.00142223
-240.83333342	0.00151540
-240.80000009	0.00130484
-240.76666675	0.00143218
-240.73333342	0.00130384
-240.70000009	0.00164377
-240.66666676	0.00174473
-240.63333342	0.00154851
-240.60000009	0.00159769
-240.56666676	0.00143013
-240.53333342	0.00165905
-240.50000009	0.00164404
-240.46666676	0.00192818
-240.43333342	0.00178075
-240.40000009	0.00202846
-240.36666676	0.00192143
-240.33333342	0.00193674
-240.30000009	0.00211335
-240.26666676	0.00197701
-240.23333343	0.00202256
-240.20000009	0.00199082
-240.16666676	0.00194756
-240.13333343	0.00197550
-240.10000009	0.00199046
-240.06666676	0.00209721
-240.03333343	0.00207334
-240.00000009	0.00221748
-239.96666676	0.00255137
-239.93333343	0.00261432
-239.90000010	0.00245601
-239.86666676	0.00247316
-239.83333343	0.00240401
-239.80000010	0.00234530
-239.76666676	0.00223226
-239.73333343	0.00223309
-239.70000010	0.00253760
-239.66666676	0.00244845
-239.63333343	0.00236755
-239.60000010	0.00278508
-239.56666677	0.00244403
-239.53333343	0.00274524
-239.50000010	0.00267282
-239.46666677	0.00281313
-239.43333343	0.00275430
-239.40000010	0.00273401
-239.36666677	0.00294378
-239.33333343	0.00324126
-239.30000010	0.00305065
-239.26666677	0.00314888
-239.23333343	0.00288214
-239.20000010	0.00324054
-239.16666677	0.00328451
-239.13333344	0.00339923
-239.10000010	0.00348924
-239.06666677	0.00360416
-239.03333344	0.00362488
-239.00000010	0.00356478
-238.96666677	0.00372161
-238.93333344	0.00364923
-238.90000010	0.00382225
-238.86666677	0.00392051
-238.83333344	0.00376771
-238.80000011	0.00365011
-238.76666677	0.00325285
-238.73333344	0.00336960
-238.70000011	0.00321582
-238.66666677	0.00331091
-238.63333344	0.00282081
-238.60000011	0.00258971
-238.56666677	0.00225499
-238.53333344	0.00183604
-238.50000011	0.00132459
-238.46666678	0.00062549
-238.43333344	0.00013099
-238.40000011	-0.00019293
-238.36666678	-0.00057744
-238.33333344	-0.00106699
-238.30000011	-0.00156102
-238.26666678	-0.00193335
-238.23333344	-0.00207707
-238.20000011	-0.00235647
-238.16666678	-0.00253432
-238.13333344	-0.00256382
-238.10000011	-0.00245870
-238.06666678	-0.00230938
-238.03333345	-0.00199689
-238.00000011	-0.00193852
-237.96666678	-0.00157291
-237.93333345	-0.00121828
-237.90000011	-0.00070894
-237.86666678	-0.00027698
-237.83333345	-0.00003963
-237.80000011	0.00050498
-237.76666678	0.00109125
-237.73333345	0.00159197
-237.70000012	0.00191835
-237.66666678	0.00222373
-237.63333345	0.00303697
-237.60000012	0.00310060
-237.56666678	0.00355437
-237.53333345	0.00376094
-237.50000012	0.00399109
-237.46666678	0.00413496
-237.43333345	0.00443212
-237.40000012	0.00473419
-237.36666679	0.00466769
-237.33333345	0.00473074
-237.30000012	0.00508733
-237.26666679	0.00493632
-237.23333345	0.00474453
-237.20000012	0.00456070
-237.16666679	0.00443552
-237.13333345	0.00391244
-237.10000012	0.00373010
-237.06666679	0.00366590
-237.03333345	0.00317277
-237.00000012	0.00266813
-236.96666679	0.00267868
-236.93333346	0.00243249
-236.90000012	0.00213108
-236.86666679	0.00195812
-236.83333346	0.00199362
-236.80000012	0.00214272
-236.76666679	0.00238935
-236.73333346	0.00281059
-236.70000012	0.00317137
-236.66666679	0.00377094
-236.63333346	0.00452638
-236.60000013	0.00504216
-236.56666679	0.00564242
-236.53333346	0.00637332
-236.50000013	0.00696608
-236.46666679	0.00779269
-236.43333346	0.00824624
-236.40000013	0.00875535
-236.36666679	0.00908456
-236.33333346	0.00999636
-236.30000013	0.01013431
-236.26666680	0.01056495
-236.23333346	0.01102568
-236.20000013	0.01118385
-236.16666680	0.01122076
-236.13333346	0.01114649
-236.10000013	0.01154635
-236.06666680	0.01126614
-236.03333346	0.01148514
-236.00000013	0.01156515
-235.96666680	0.01113172
-235.93333346	0.01154619
-235.90000013	0.01128634
-235.86666680	0.01151414
-235.83333347	0.01111548
-235.80000013	0.01115786
-235.76666680	0.01119860
-235.73333347	0.01145283
-235.70000013	0.01121466
-235.66666680	0.01142030
-235.63333347	0.01141494
-235.60000013	0.01137158
-235.56666680	0.01121815
-235.53333347	0.01138400
-235.50000014	0.01148227
-235.46666680	0.01138860
-235.43333347	0.01171788
-235.40000014	0.01173019
-235.36666680	0.01201210
-235.33333347	0.01204027
-235.30000014	0.01244874
-235.26666680	0.01263724
-235.23333347	0.01270969
-235.20000014	0.01309227
-235.16666681	0.01300341
-235.13333347	0.01350427
-235.10000014	0.01379454
-235.06666681	0.01362470
-235.03333347	0.01387312
-235.00000014	0.01421338
-234.96666681	0.01427931
-234.93333347	0.01420935
-234.90000014	0.01427034
-234.86666681	0.01439039
-234.83333347	0.01461294
-234.80000014	0.01469767
-234.76666681	0.01474512
-234.73333348	0.01469753
-234.70000014	0.01476488
-234.66666681	0.01491627
-234.63333348	0.01471432
-234.60000014	0.01442926
-234.56666681	0.01442900
-234.53333348	0.01424050
-234.50000014	0.01439940
-234.46666681	0.01420972
-234.43333348	0.01408699
-234.40000015	0.01391596
-234.36666681	0.01380541
-234.33333348	0.01372527
-234.30000015	0.01393360
-234.26666681	0.01400053
-234.23333348	0.01421179
-234.20000015	0.01405078
-234.16666681	0.01415042
-234.13333348	0.01441057
-234.10000015	0.01431953
-234.06666682	0.01427654
-234.03333348	0.01451085
-234.00000015	0.01436330
-233.96666682	0.01472153
-233.93333348	0.01476585
-233.90000015	0.01451467
-233.86666682	0.01513466
-233.83333348	0.01497090
-233.80000015	0.01516116
-233.76666682	0.01522201
-233.73333348	0.01554694
-233.70000015	0.01577176
-233.66666682	0.01607930
-233.63333349	0.01632322
-233.60000015	0.01668203
-233.56666682	0.01746867
-233.53333349	0.01791693
-233.50000015	0.01835948
-233.46666682	0.01920319
-233.43333349	0.01980725
-233.40000015	0.02025773
-233.36666682	0.02104605
-233.33333349	0.02164228
-233.30000016	0.02263299
-233.26666682	0.02308365
-233.23333349	0.02374202
-233.20000016	0.02445844
-233.16666682	0.02528845
-233.13333349	0.02603175
-233.10000016	0.02670910
-233.06666682	0.02752275
-233.03333349	0.02828396
-233.00000016	0.02908929
-232.96666683	0.02999957
-232.93333349	0.03089124
-232.90000016	0.03166002
-232.86666683	0.03247177
-232.83333349	0.03354882
-232.80000016	0.03448660
-232.76666683	0.03566341
-232.73333349	0.03665301
-232.70000016	0.03779525
-232.66666683	0.03907539
-232.63333349	0.04029770
-232.60000016	0.04126337
-232.56666683	0.04283993
-232.53333350	0.04378172
-232.50000016	0.04517810
-232.46666683	0.04612852
-232.43333350	0.04771017
-232.40000016	0.04888415
-232.36666683	0.05014202
-232.33333350	0.05138207
-232.30000016	0.05293705
-232.26666683	0.05428079
-232.23333350	0.05595571
-232.20000017	0.05739642
-232.16666683	0.05898845
-232.13333350	0.06068793
-232.10000017	0.06216512
-232.06666683	0.06367602
-232.03333350	0.06501122
-232.00000017	0.06686507
-231.96666683	0.06853650
-231.93333350	0.06981818
-231.90000017	0.07127306
-231.86666684	0.07247294
-231.83333350	0.07391453
-231.80000017	0.07501853
-231.76666684	0.07589863
-231.73333350	0.07685390
-231.70000017	0.07750793
-231.66666684	0.07774885
-231.63333350	0.07763713
-231.60000017	0.07743917
-231.56666684	0.07650237
-231.53333350	0.07454972
-231.50000017	0.07212191
-231.46666684	0.06844398
-231.43333351	0.06382553
-231.40000017	0.05779299
-231.36666684	0.05002063
-231.33333351	0.03997003
-231.30000017	0.02784024
-231.26666684	0.01269552
-231.23333351	-0.00594010
-231.20000017	-0.02859555
-231.16666684	-0.05569406
-231.13333351	-0.08835457
-231.10000018	-0.12822698
-231.06666684	-0.17591030
-231.03333351	-0.23342344
-231.00000018	-0.30143221
-230.96666684	-0.38151732
-230.93333351	-0.47550168
-230.90000018	-0.58299220
-230.86666684	-0.70517819
-230.83333351	-0.84003357
-230.80000018	-0.98579762
-230.76666685	-1.13943248
-230.73333351	-1.29507159
-230.70000018	-1.44783196
-230.66666685	-1.58991888
-230.63333351	-1.71613519
-230.60000018	-1.81991435
-230.56666685	-1.89586640
-230.53333351	-1.93998720
-230.50000018	-1.95017066
-230.46666685	-1.92566162
-230.43333351	-1.86713108
-230.40000018	-1.77617822
-230.36666685	-1.65492032
-230.33333352	-1.50640739
-230.30000018	-1.33451932
-230.26666685	-1.14302532
-230.23333352	-0.93556188
-230.20000018	-0.71804667
-230.16666685	-0.49419717
-230.13333352	-0.26875814
-230.10000018	-0.04654366
-230.06666685	0.16851787
-230.03333352	0.37256545
-230.00000019	0.56285336
-229.96666685	0.73706632
-229.93333352	0.89291772
-229.90000019	1.03041551
-229.86666685	1.14794863
-229.83333352	1.24675627
-229.80000019	1.32811810
-229.76666685	1.39306161
-229.73333352	1.44384619
-229.70000019	1.48222071
-229.66666686	1.50952764
-229.63333352	1.52678597
-229.60000019	1.53521182
-229.56666686	1.53370745
-229.53333352	1.52370822
-229.50000019	1.50384767
-229.46666686	1.47492796
-229.43333352	1.43748039
-229.40000019	1.39233768
-229.36666686	1.33995948
-229.33333352	1.28107299
-229.30000019	1.21744489
-229.26666686	1.14999485
-229.23333353	1.08041368
-229.20000019	1.00988089
-229.16666686	0.94074435
-229.13333353	0.87354279
-229.10000019	0.81013686
-229.06666686	0.75136606
-229.03333353	0.69679857
-229.00000019	0.64647248
-228.96666686	0.60012924
-228.93333353	0.55684170
-228.90000020	0.51551275
-228.86666686	0.47570887
-228.83333353	0.43671089
-228.80000020	0.39721621
-228.76666686	0.35705443
-228.73333353	0.31563806
-228.70000020	0.27298805
-228.66666686	0.22836516
-228.63333353	0.18264766
-228.60000020	0.13630556
-228.56666687	0.09036548
-228.53333353	0.04494953
-228.50000020	0.00175222
-228.46666687	-0.03926051
-228.43333353	-0.07728110
-228.40000020	-0.11186087
-228.36666687	-0.14324986
-228.33333353	-0.17138468
-228.30000020	-0.19542622
-228.26666687	-0.21551662
-228.23333353	-0.23181886
-228.20000020	-0.24388689
-228.16666687	-0.25214974
-228.13333354	-0.25729508
-228.10000020	-0.25945001
-228.06666687	-0.25978696
-228.03333354	-0.25886864
-228.00000020	-0.25746164
-227.96666687	-0.25564160
-227.93333354	-0.25426921
-227.90000020	-0.25357076
-227.86666687	-0.25284737
-227.83333354	-0.25291481
-227.80000021	-0.25354523
-227.76666687	-0.25419023
-227.73333354	-0.25457578
-227.70000021	-0.25577286
-227.66666687	-0.25624358
-227.63333354	-0.25746342
-227.60000021	-0.25775262
-227.56666687	-0.25819402
-227.53333354	-0.25773116
-227.50000021	-0.25684251
-227.46666688	-0.25548185
-227.43333354	-0.25280541
-227.40000021	-0.24903500
-227.36666688	-0.24392783
-227.33333354	-0.23697883
-227.30000021	-0.22878823
-227.26666688	-0.21887063
-227.23333354	-0.20733367
-227.20000021	-0.19519764
-227.16666688	-0.18164880
-227.13333354	-0.16730041
-227.10000021	-0.15258001
-227.06666688	-0.13772043
-227.03333355	-0.12387466
-227.00000021	-0.11110310
-226.96666688	-0.10016240
-226.93333355	-0.09133815
-226.90000021	-0.08479830
-226.86666688	-0.08063612
-226.83333355	-0.07885751
-226.80000021	-0.07765046
-226.76666688	-0.07772998
-226.73333355	-0.07794204
-226.70000022	-0.07786307
-226.66666688	-0.07704331
-226.63333355	-0.07497207
-226.60000022	-0.07141124
-226.56666688	-0.06661182
-226.53333355	-0.06033606
-226.50000022	-0.05294547
-226.46666688	-0.04484323
-226.43333355	-0.03607114
-226.40000022	-0.02741248
-226.36666689	-0.01925019
-226.33333355	-0.01175795
-226.30000022	-0.00525687
-226.26666689	0.00024125
-226.23333355	0.00451219
-226.20000022	0.00774043
-226.16666689	0.00942667
-226.13333355	0.00959468
-226.10000022	0.00816805
-226.06666689	0.00546868
-226.03333355	0.00111870
-226.00000022	-0.00430022
-225.96666689	-0.01052062
-225.93333356	-0.01686694
-225.90000022	-0.02347781
-225.86666689	-0.02982885
-225.83333356	-0.03504997
-225.80000022	-0.03970536
-225.76666689	-0.04249171
-225.73333356	-0.04443077
-225.70000022	-0.04536521
-225.66666689	-0.04528643
-225.63333356	-0.04452316
-225.60000023	-0.04367702
-225.56666689	-0.04224646
-225.53333356	-0.04100203
-225.50000023	-0.03872440
-225.46666689	-0.03576809
-225.43333356	-0.03214178
-225.40000023	-0.02777060
-225.36666689	-0.02200194
-225.33333356	-0.01615481
-225.30000023	-0.00946585
-225.26666690	-0.00359288
-225.23333356	0.00182685
-225.20000023	0.00648758
-225.16666690	0.01034085
-225.13333356	0.01372428
-225.10000023	0.01697132
-225.06666690	0.01946304
-225.03333356	0.02220306
-225.00000023	0.02462365
-224.96666690	0.02599873
-224.93333356	0.02697785
-224.90000023	0.02690383
-224.86666690	0.02549249
-224.83333357	0.02387787
-224.80000023	0.02104387
-224.76666690	0.01802850
-224.73333357	0.01409587
-224.70000023	0.00980846
-224.66666690	0.00551328
-224.63333357	0.00082075
-224.60000023	-0.00386981
-224.56666690	-0.00811948
-224.53333357	-0.01268765
-224.50000024	-0.01635586
-224.46666690	-0.01987538
-224.43333357	-0.02220922
-224.40000024	-0.02384861
-224.36666690	-0.02464365
-224.33333357	-0.02444236
-224.30000024	-0.02436416
-224.26666690	-0.02344321
-224.23333357	-0.02240032
-224.20000024	-0.02142468
-224.16666691	-0.02036448
-224.13333357	-0.01956253
-224.10000024	-0.01909457
-224.06666691	-0.01873745
-224.03333357	-0.01812906
-224.00000024	-0.01742213
-223.96666691	-0.01710822
-223.93333357	-0.01657132
-223.90000024	-0.01552117
-223.86666691	-0.01429885
-223.83333358	-0.01298988
-223.80000024	-0.01153701
-223.76666691	-0.00978794
-223.73333358	-0.00844980
-223.70000024	-0.00705340
-223.66666691	-0.00651821
-223.63333358	-0.00552243
-223.60000024	-0.00446062
-223.56666691	-0.00358179
-223.53333358	-0.00228178
-223.50000024	-0.00099825
-223.46666691	-0.00000240
-223.43333358	0.00036869
-223.40000025	-0.00029774
-223.36666691	-0.00227269
-223.33333358	-0.00560700
-223.30000025	-0.01018330
-223.26666691	-0.01626761
-223.23333358	-0.02261125
-223.20000025	-0.02959927
-223.16666691	-0.03724509
-223.13333358	-0.04423271
-223.10000025	-0.05163325
-223.06666692	-0.05851590
-223.03333358	-0.06499380
-223.00000025	-0.07064594
-222.96666692	-0.07560638
-222.93333358	-0.07947881
-222.90000025	-0.08195151
-222.86666692	-0.08293522
-222.83333358	-0.08266884
-222.80000025	-0.08129005
-222.76666692	-0.07898320
-222.73333359	-0.07589286
-222.70000025	-0.07226947
-222.66666692	-0.06857494
-222.63333359	-0.06441461
-222.60000025	-0.06015689
-222.56666692	-0.05609204
-222.53333359	-0.05101020
-222.50000025	-0.04567108
-222.46666692	-0.03957508
-222.43333359	-0.03292677
-222.40000025	-0.02570151
-222.36666692	-0.01786757
-222.33333359	-0.01010800
-222.30000026	-0.00245998
-222.26666692	0.00463670
-222.23333359	0.01116379
-222.20000026	0.01702348
-222.16666692	0.02182633
-222.13333359	0.02561783
-222.10000026	0.02910025
-222.06666692	0.03147871
-222.03333359	0.03335097
-222.00000026	0.03482807
-221.96666693	0.03598029
-221.93333359	0.03662470
-221.90000026	0.03671170
-221.86666693	0.03666507
-221.83333359	0.03593737
-221.80000026	0.03543297
-221.76666693	0.03436881
-221.73333359	0.03303094
-221.70000026	0.03204778
-221.66666693	0.03113036
-221.63333360	0.03016006
-221.60000026	0.02998877
-221.56666693	0.02989348
-221.53333360	0.03015983
-221.50000026	0.03080080
-221.46666693	0.03189273
-221.43333360	0.03259534
-221.40000026	0.03272750
-221.36666693	0.03224309
-221.33333360	0.03068673
-221.30000026	0.02734247
-221.26666693	0.02228017
-221.23333360	0.01578512
-221.20000027	0.00711983
-221.16666693	-0.00235976
-221.13333360	-0.01303859
-221.10000027	-0.02435487
-221.06666693	-0.03574554
-221.03333360	-0.04703794
-221.00000027	-0.05790047
-220.96666693	-0.06796902
-220.93333360	-0.07660048
-220.90000027	-0.08394336
-220.86666694	-0.08980170
-220.83333360	-0.09374669
-220.80000027	-0.09560046
-220.76666694	-0.09532888
-220.73333360	-0.09284369
-220.70000027	-0.08813150
-220.66666694	-0.08171391
-220.63333360	-0.07312474
-220.60000027	-0.06314726
-220.56666694	-0.05225211
-220.53333361	-0.03993441
-220.50000027	-0.02778013
-220.46666694	-0.01568240
-220.43333361	-0.00425170
-220.40000027	0.00615992
-220.36666694	0.01601817
-220.33333361	0.02437577
-220.30000027	0.03211661
-220.26666694	0.03906371
-220.23333361	0.04540797
-220.20000027	0.05042747
-220.16666694	0.05512920
-220.13333361	0.05938289
-220.10000028	0.06206899
-220.06666694	0.06419048
-220.03333361	0.06574200
-220.00000028	0.06598501
-219.96666694	0.06640114
-219.93333361	0.06609729
-219.90000028	0.06586257
-219.86666694	0.06570219
-219.83333361	0.06495015
-219.80000028	0.06351929
-219.76666695	0.06197898
-219.73333361	0.05989755
-219.70000028	0.05743437
-219.66666695	0.05449570
-219.63333361	0.05170357
-219.60000028	0.04828932
-219.56666695	0.04504833
-219.53333361	0.04108895
-219.50000028	0.03703298
-219.46666695	0.03196315
-219.43333362	0.02705009
-219.40000028	0.02181559
-219.36666695	0.01642002
-219.33333362	0.01133250
-219.30000028	0.00621884
-219.26666695	0.00120217
-219.23333362	-0.00343509
-219.20000028	-0.00880451
-219.16666695	-0.01395909
-219.13333362	-0.01946045
-219.10000028	-0.02517121
-219.06666695	-0.03016791
-219.03333362	-0.03508901
-219.00000029	-0.03893611
-218.96666695	-0.04152145
-218.93333362	-0.04269228
-218.90000029	-0.04321115
-218.86666695	-0.04200144
-218.83333362	-0.03979500
-218.80000029	-0.03662945
-218.76666695	-0.03205069
-218.73333362	-0.02676680
-218.70000029	-0.02061921
-218.66666696	-0.01387392
-218.63333362	-0.00645750
-218.60000029	0.00094319
-218.56666696	0.00768092
-218.53333362	0.01369632
-218.50000029	0.01897519
-218.46666696	0.02278898
-218.43333362	0.02538179
-218.40000029	0.02642237
-218.36666696	0.02571028
-218.33333363	0.02394984
-218.30000029	0.02090140
-218.26666696	0.01740297
-218.23333363	0.01360358
-218.20000029	0.00975114
-218.16666696	0.00598976
-218.13333363	0.00306439
-218.10000029	0.00130020
-218.06666696	0.00007299
-218.03333363	0.00020882
-218.00000029	0.00109195
-217.96666696	0.00273023
-217.93333363	0.00515034
-217.90000030	0.00832802
-217.86666696	0.01180841
-217.83333363	0.01527205
-217.80000030	0.01885999
-217.76666696	0.02141224
-217.73333363	0.02350295
-217.70000030	0.02437316
-217.66666696	0.02384556
-217.63333363	0.02251641
-217.60000030	0.02038283
-217.56666697	0.01755505
-217.53333363	0.01436032
-217.50000030	0.01098453
-217.46666697	0.00759951
-217.43333363	0.00414167
-217.40000030	0.00101644
-217.36666697	-0.00231585
-217.33333363	-0.00509036
-217.30000030	-0.00740316
-217.26666697	-0.00963089
-217.23333364	-0.01130223
-217.20000030	-0.01248096
-217.16666697	-0.01362524
-217.13333364	-0.01401490
-217.10000030	-0.01469573
-217.06666697	-0.01426277
-217.03333364	-0.01345578
-217.00000030	-0.01188188
-216.96666697	-0.00961523
-216.93333364	-0.00720840
-216.90000030	-0.00440343
-216.86666697	-0.00190013
-216.83333364	0.00043917
-216.80000031	0.00258368
-216.76666697	0.00399247
-216.73333364	0.00445448
-216.70000031	0.00388694
-216.66666697	0.00316902
-216.63333364	0.00157623
-216.60000031	-0.00083637
-216.56666697	-0.00343509
-216.53333364	-0.00642129
-216.50000031	-0.00910030
-216.46666698	-0.01168639
-216.43333364	-0.01379219
-216.40000031	-0.01550121
-216.36666698	-0.01619343
-216.33333364	-0.01601837
-216.30000031	-0.01485584
-216.26666698	-0.01249849
-216.23333364	-0.00913367
-216.20000031	-0.00496527
-216.16666698	-0.00073201
-216.13333365	0.00358450
-216.10000031	0.00778812
-216.06666698	0.01153315
-216.03333365	0.01418825
-216.00000031	0.01609159
-215.96666698	0.01703039
-215.93333365	0.01679947
-215.90000031	0.01601664
-215.86666698	0.01462092
-215.83333365	0.01180420
-215.80000031	0.00913698
-215.76666698	0.00557599
-215.73333365	0.00170967
-215.70000032	-0.00302016
-215.66666698	-0.00795666
-215.63333365	-0.01351469
-215.60000032	-0.01908422
-215.56666698	-0.02499699
-215.53333365	-0.03101120
-215.50000032	-0.03661131
-215.46666698	-0.04192250
-215.43333365	-0.04623290
-215.40000032	-0.04955834
-215.36666699	-0.05148437
-215.33333365	-0.05153137
-215.30000032	-0.05077622
-215.26666699	-0.04811484
-215.23333365	-0.04428747
-215.20000032	-0.03926645
-215.16666699	-0.03375658
-215.13333365	-0.02768186
-215.10000032	-0.02146116
-215.06666699	-0.01544160
-215.03333366	-0.00945581
-215.00000032	-0.00435438
-214.96666699	0.00012138
-214.93333366	0.00356077
-214.90000032	0.00597907
-214.86666699	0.00728362
-214.83333366	0.00751433
-214.80000032	0.00672022
-214.76666699	0.00497676
-214.73333366	0.00308300
-214.70000032	0.00069040
-214.66666699	-0.00150105
-214.63333366	-0.00277806
-214.60000033	-0.00337189
-214.56666699	-0.00272912
-214.53333366	-0.00068544
-214.50000033	0.00260267
-214.46666699	0.00735801
-214.43333366	0.01249528
-214.40000033	0.01762917
-214.36666699	0.02319197
-214.33333366	0.02798038
-214.30000033	0.03154090
-214.26666700	0.03409649
-214.23333366	0.03584396
-214.20000033	0.03594597
-214.16666700	0.03483820
-214.13333366	0.03236178
-214.10000033	0.02899770
-214.06666700	0.02436832
-214.03333366	0.01897887
-214.00000033	0.01213923
-213.96666700	0.00500917
-213.93333367	-0.00290023
-213.90000033	-0.01036414
-213.86666700	-0.01800598
-213.83333367	-0.02514105
-213.80000033	-0.03113012
-213.76666700	-0.03590046
-213.73333367	-0.03927225
-213.70000033	-0.04097194
-213.66666700	-0.04069651
-213.63333367	-0.03916927
-213.60000033	-0.03629797
-213.56666700	-0.03269445
-213.53333367	-0.02816637
-213.50000034	-0.02333623
-213.46666700	-0.01841871
-213.43333367	-0.01330575
-213.40000034	-0.00842392
-213.36666700	-0.00447065
-213.33333367	-0.00070111
-213.30000034	0.00284452
-213.26666700	0.00539444
-213.23333367	0.00755800
-213.20000034	0.00942204
-213.16666701	0.01044911
-213.13333367	0.01161987
-213.10000034	0.01214817
-213.06666701	0.01216351
-213.03333367	0.01108992
-213.00000034	0.00948651
-212.96666701	0.00742616
-212.93333367	0.00509804
-212.90000034	0.00279285
-212.86666701	0.00097564
-212.83333368	-0.00032860
-212.80000034	-0.00041833
-212.76666701	0.00019640
-212.73333368	0.00214381
-212.70000034	0.00438199
-212.66666701	0.00771472
-212.63333368	0.01162258
-212.60000034	0.01530047
-212.56666701	0.01911187
-212.53333368	0.02285601
-212.50000034	0.02572325
-212.46666701	0.02827279
-212.43333368	0.02994657
-212.40000035	0.03081792
-212.36666701	0.03071266
-212.33333368	0.03010558
-212.30000035	0.02819118
-212.26666701	0.02570890
-212.23333368	0.02248792
-212.20000035	0.01936479
-212.16666701	0.01557304
-212.13333368	0.01173336
-212.10000035	0.00752135
-212.06666702	0.00361891
-212.03333368	0.00022912
-212.00000035	-0.00383325
-211.96666702	-0.00722127
-211.93333368	-0.01023927
-211.90000035	-0.01298762
-211.86666702	-0.01526208
-211.83333368	-0.01685256
-211.80000035	-0.01823282
-211.76666702	-0.01863849
-211.73333369	-0.01877638
-211.70000035	-0.01826090
-211.66666702	-0.01749512
-211.63333369	-0.01643375
-211.60000035	-0.01476901
-211.56666702	-0.01337308
-211.53333369	-0.01180133
-211.50000035	-0.01054939
-211.46666702	-0.00960970
-211.43333369	-0.00913994
-211.40000035	-0.00903392
-211.36666702	-0.00982497
-211.33333369	-0.01096758
-211.30000036	-0.01232034
-211.26666702	-0.01415216
-211.23333369	-0.01601378
-211.20000036	-0.01752382
-211.16666702	-0.01916586
-211.13333369	-0.02053940
-211.10000036	-0.02133365
-211.06666702	-0.02107088
-211.03333369	-0.02011598
-211.00000036	-0.01789810
-210.96666703	-0.01503857
-210.93333369	-0.01096621
-210.90000036	-0.00616374
-210.86666703	-0.00059984
-210.83333369	0.00479714
-210.80000036	0.00958606
-210.76666703	0.01369344
-210.73333369	0.01682321
-210.70000036	0.01863876
-210.66666703	0.01941803
-210.63333370	0.01877234
-210.60000036	0.01743168
-210.56666703	0.01521213
-210.53333370	0.01160783
-210.50000036	0.00738844
-210.46666703	0.00309637
-210.43333370	-0.00154347
-210.40000036	-0.00647657
-210.36666703	-0.01115402
-210.33333370	-0.01533465
-210.30000036	-0.01912995
-210.26666703	-0.02227187
-210.23333370	-0.02474231
-210.20000037	-0.02661080
-210.16666703	-0.02777000
-210.13333370	-0.02840955
-210.10000037	-0.02824185
-210.06666703	-0.02754111
-210.03333370	-0.02646361
-210.00000037	-0.02454205
-209.96666703	-0.02258698
-209.93333370	-0.02074498
-209.90000037	-0.01897966
-209.86666704	-0.01793759
-209.83333370	-0.01687238
-209.80000037	-0.01641199
-209.76666704	-0.01600586
-209.73333370	-0.01567233
-209.70000037	-0.01482408
-209.66666704	-0.01441726
-209.63333370	-0.01352560
-209.60000037	-0.01220797
-209.56666704	-0.01018572
-209.53333371	-0.00839743
-209.50000037	-0.00590230
-209.46666704	-0.00330427
-209.43333371	-0.00056981
-209.40000037	0.00173880
-209.36666704	0.00444052
-209.33333371	0.00649447
-209.30000037	0.00847168
-209.26666704	0.01023568
-209.23333371	0.01119540
-209.20000037	0.01198758
-209.16666704	0.01233735
-209.13333371	0.01272305
-209.10000038	0.01264458
-209.06666704	0.01217792
-209.03333371	0.01133292
-209.00000038	0.01016475
-208.96666704	0.00871069
-208.93333371	0.00687366
-208.90000038	0.00542333
-208.86666704	0.00375459
-208.83333371	0.00158374
-208.80000038	0.00001856
-208.76666705	-0.00191055
-208.73333371	-0.00367255
-208.70000038	-0.00541889
-208.66666705	-0.00691736
-208.63333371	-0.00860632
-208.60000038	-0.00998960
-208.56666705	-0.01165232
-208.53333371	-0.01317654
-208.50000038	-0.01478242
-208.46666705	-0.01623048
-208.43333372	-0.01775147
-208.40000038	-0.01890324
-208.36666705	-0.01991446
-208.33333372	-0.02087204
-208.30000038	-0.02121847
-208.26666705	-0.02112830
-208.23333372	-0.02072862
-208.20000038	-0.01967189
-208.16666705	-0.01792322
-208.13333372	-0.01579262
-208.10000038	-0.01314067
-208.06666705	-0.01025465
-208.03333372	-0.00782642
-208.00000039	-0.00504091
-207.96666705	-0.00265671
-207.93333372	-0.00068755
-207.90000039	0.00109332
-207.86666705	0.00271206
-207.83333372	0.00424678
-207.80000039	0.00515328
-207.76666705	0.00600201
-207.73333372	0.00685398
-207.70000039	0.00748316
-207.66666706	0.00753909
-207.63333372	0.00768393
-207.60000039	0.00774720
-207.56666706	0.00789335
-207.53333372	0.00824253
-207.50000039	0.00882958
-207.46666706	0.01013436
-207.43333372	0.01148916
-207.40000039	0.01284042
-207.36666706	0.01475824
-207.33333373	0.01659089
-207.30000039	0.01841469
-207.26666706	0.02000777
-207.23333373	0.02131199
-207.20000039	0.02235052
-207.16666706	0.02267091
-207.13333373	0.02291378
-207.10000039	0.02260767
-207.06666706	0.02146720
-207.03333373	0.01996619
-207.00000040	0.01822154
-206.96666706	0.01616502
-206.93333373	0.01364068
-206.90000040	0.01158425
-206.86666706	0.00944699
-206.83333373	0.00741072
-206.80000040	0.00580636
-206.76666706	0.00471519
-206.73333373	0.00361445
-206.70000040	0.00229155
-206.66666706	0.00138676
-206.63333373	0.00043769
-206.60000040	-0.00057621
-206.56666707	-0.00165120
-206.53333373	-0.00239548
-206.50000040	-0.00302563
-206.46666707	-0.00352695
-206.43333373	-0.00436024
-206.40000040	-0.00484479
-206.36666707	-0.00547248
-206.33333373	-0.00654475
-206.30000040	-0.00766541
-206.26666707	-0.00843607
-206.23333374	-0.00902419
-206.20000040	-0.00955668
-206.16666707	-0.00974652
-206.13333374	-0.00970921
-206.10000040	-0.00893239
-206.06666707	-0.00800756
-206.03333374	-0.00676359
-206.00000040	-0.00510312
-205.96666707	-0.00292128
-205.93333374	-0.00069677
-205.90000041	0.00204941
-205.86666707	0.00489537
-205.83333374	0.00831610
-205.80000041	0.01201179
-205.76666707	0.01576790
-205.73333374	0.01957574
-205.70000041	0.02317547
-205.66666707	0.02659041
-205.63333374	0.02964484
-205.60000041	0.03219053
-205.56666707	0.03393521
-205.53333374	0.03529162
-205.50000041	0.03575685
-205.46666708	0.03589191
-205.43333374	0.03560214
-205.40000041	0.03476455
-205.36666708	0.03350611
-205.33333374	0.03294473
-205.30000041	0.03243626
-205.26666708	0.03208748
-205.23333374	0.03179905
-205.20000041	0.03186611
-205.16666708	0.03211847
-205.13333375	0.03224889
-205.10000041	0.03223550
-205.06666708	0.03135842
-205.03333375	0.03011876
-205.00000041	0.02847834
-204.96666708	0.02572245
-204.93333375	0.02283605
-204.90000041	0.01938175
-204.86666708	0.01577233
-204.83333375	0.01240726
-204.80000042	0.00871026
-204.76666708	0.00522737
-204.73333375	0.00173978
-204.70000042	-0.00102842
-204.66666708	-0.00401705
-204.63333375	-0.00682603
-204.60000042	-0.00937948
-204.56666708	-0.01177677
-204.53333375	-0.01331994
-204.50000042	-0.01437937
-204.46666708	-0.01471115
-204.43333375	-0.01422906
-204.40000042	-0.01311416
-204.36666709	-0.01084832
-204.33333375	-0.00828200
-204.30000042	-0.00516042
-204.26666709	-0.00195945
-204.23333375	0.00149382
-204.20000042	0.00474142
-204.16666709	0.00804925
-204.13333375	0.01110776
-204.10000042	0.01373093
-204.06666709	0.01632233
-204.03333376	0.01868424
-204.00000042	0.02108494
-203.96666709	0.02336955
-203.93333376	0.02561782
-203.90000042	0.02724484
-203.86666709	0.02870518
-203.83333376	0.02958532
-203.80000042	0.02995291
-203.76666709	0.02964627
-203.73333376	0.02896475
-203.70000043	0.02742578
-203.66666709	0.02587672
-203.63333376	0.02366906
-203.60000043	0.02155738
-203.56666709	0.01941327
-203.53333376	0.01721398
-203.50000043	0.01518026
-203.46666709	0.01357986
-203.43333376	0.01202557
-203.40000043	0.01103456
-203.36666709	0.01058224
-203.33333376	0.00992070
-203.30000043	0.00978366
-203.26666710	0.00970609
-203.23333376	0.00949502
-203.20000043	0.00939138
-203.16666710	0.00873930
-203.13333376	0.00820765
-203.10000043	0.00798727
-203.06666710	0.00738795
-203.03333376	0.00658582
-203.00000043	0.00540871
-202.96666710	0.00435434
-202.93333377	0.00297414
-202.90000043	0.00135577
-202.86666710	-0.00047597
-202.83333377	-0.00271214
-202.80000043	-0.00522478
-202.76666710	-0.00780014
-202.73333377	-0.00998782
-202.70000043	-0.01277397
-202.66666710	-0.01469328
-202.63333377	-0.01626724
-202.60000044	-0.01711315
-202.56666710	-0.01760256
-202.53333377	-0.01663044
-202.50000044	-0.01518957
-202.46666710	-0.01267831
-202.43333377	-0.00984881
-202.40000044	-0.00639162
-202.36666710	-0.00234395
-202.33333377	0.00127564
-202.30000044	0.00483694
-202.26666710	0.00798092
-202.23333377	0.01069950
-202.20000044	0.01259569
-202.16666711	0.01354141
-202.13333377	0.01437730
-202.10000044	0.01430512
-202.06666711	0.01388413
-202.03333377	0.01261516
-202.00000044	0.01100363
-201.96666711	0.00874310
-201.93333377	0.00639072
-201.90000044	0.00375103
-201.86666711	0.00075760
-201.83333378	-0.00211102
-201.80000044	-0.00481732
-201.76666711	-0.00703006
-201.73333378	-0.00871706
-201.70000044	-0.00933480
-201.66666711	-0.00938461
-201.63333378	-0.00901515
-201.60000044	-0.00815153
-201.56666711	-0.00696029
-201.53333378	-0.00520615
-201.50000045	-0.00361935
-201.46666711	-0.00248491
-201.43333378	-0.00166897
-201.40000045	-0.00126138
-201.36666711	-0.00133259
-201.33333378	-0.00231038
-201.30000045	-0.00402632
-201.26666711	-0.00611323
-201.23333378	-0.00868224
-201.20000045	-0.01180276
-201.16666711	-0.01483953
-201.13333378	-0.01846630
-201.10000045	-0.02169296
-201.06666712	-0.02519157
-201.03333378	-0.02850695
-201.00000045	-0.03145931
-200.96666712	-0.03441169
-200.93333378	-0.03719984
-200.90000045	-0.03950689
-200.86666712	-0.04089858
-200.83333378	-0.04206734
-200.80000045	-0.04217232
-200.76666712	-0.04171959
-200.73333379	-0.04035067
-200.70000045	-0.03824431
-200.66666712	-0.03574190
-200.63333379	-0.03284464
-200.60000045	-0.02968692
-200.56666712	-0.02676223
-200.53333379	-0.02395167
-200.50000045	-0.02160633
-200.46666712	-0.01907705
-200.43333379	-0.01682074
-200.40000046	-0.01457265
-200.36666712	-0.01257218
-200.33333379	-0.01054033
-200.30000046	-0.00823432
-200.26666712	-0.00593350
-200.23333379	-0.00374997
-200.20000046	-0.00194357
-200.16666712	-0.00021206
-200.13333379	0.00041869
-200.10000046	0.00122617
-200.06666712	0.00137573
-200.03333379	0.00097877
-200.00000046	0.00054808
-199.96666713	-0.00026072
-199.93333379	-0.00080187
-199.90000046	-0.00148031
-199.86666713	-0.00200245
-199.83333379	-0.00208165
-199.80000046	-0.00234215
-199.76666713	-0.00290790
-199.73333379	-0.00345585
-199.70000046	-0.00417182
-199.66666713	-0.00513404
-199.63333380	-0.00629658
-199.60000046	-0.00726602
-199.56666713	-0.00853317
-199.53333380	-0.00959494
-199.50000046	-0.01062661
-199.46666713	-0.01168828
-199.43333380	-0.01204857
-199.40000046	-0.01265880
-199.36666713	-0.01353835
-199.33333380	-0.01437841
-199.30000047	-0.01474964
-199.26666713	-0.01532884
-199.23333380	-0.01583813
-199.20000047	-0.01629648
-199.16666713	-0.01626671
-199.13333380	-0.01604216
-199.10000047	-0.01503850
-199.06666713	-0.01385424
-199.03333380	-0.01230330
-199.00000047	-0.00987048
-198.96666713	-0.00691225
-198.93333380	-0.00331423
-198.90000047	0.00081926
-198.86666714	0.00519396
-198.83333380	0.00926218
-198.80000047	0.01374284
-198.76666714	0.01818957
-198.73333380	0.02177219
-198.70000047	0.02516907
-198.66666714	0.02776608
-198.63333380	0.02987062
-198.60000047	0.03149600
-198.56666714	0.03219142
-198.53333381	0.03288561
-198.50000047	0.03296131
-198.46666714	0.03291919
-198.43333381	0.03212365
-198.40000047	0.03148849
-198.36666714	0.03026111
-198.33333381	0.02907354
-198.30000047	0.02748820
-198.26666714	0.02593637
-198.23333381	0.02436290
-198.20000048	0.02266463
-198.16666714	0.02106739
-198.13333381	0.01954147
-198.10000048	0.01826298
-198.06666714	0.01708125
-198.03333381	0.01582465
-198.00000048	0.01479380
-197.96666714	0.01355180
-197.93333381	0.01191379
-197.90000048	0.01026744
-197.86666714	0.00817296
-197.83333381	0.00532671
-197.80000048	0.00240218
-197.76666715	-0.00073596
-197.73333381	-0.00422987
-197.70000048	-0.00740719
-197.66666715	-0.01060009
-197.63333381	-0.01347259
-197.60000048	-0.01564056
-197.56666715	-0.01741602
-197.53333381	-0.01891773
-197.50000048	-0.01962528
-197.46666715	-0.01976309
-197.43333382	-0.01937547
-197.40000048	-0.01921988
-197.36666715	-0.01863263
-197.33333382	-0.01810930
-197.30000048	-0.01807289
-197.26666715	-0.01778271
-197.23333382	-0.01762218
-197.20000048	-0.01783783
-197.16666715	-0.01760403
-197.13333382	-0.01733658
-197.10000049	-0.01667798
-197.06666715	-0.01593934
-197.03333382	-0.01454557
-197.00000049	-0.01296100
-196.96666715	-0.01144087
-196.93333382	-0.00991265
-196.90000049	-0.00823978
-196.86666715	-0.00665081
-196.83333382	-0.00509796
-196.80000049	-0.00339821
-196.76666715	-0.00207382
-196.73333382	-0.00043052
-196.70000049	0.00128944
-196.66666716	0.00321723
-196.63333382	0.00500802
-196.60000049	0.00720853
-196.56666716	0.00916595
-196.53333382	0.01125504
-196.50000049	0.01308553
-196.46666716	0.01507168
-196.43333382	0.01659092
-196.40000049	0.01763187
-196.36666716	0.01849762
-196.33333383	0.01925669
-196.30000049	0.01927085
-196.26666716	0.01994429
-196.23333383	0.01995870
-196.20000049	0.02026453
-196.16666716	0.02032187
-196.13333383	0.02057487
-196.10000049	0.02108635
-196.06666716	0.02126204
-196.03333383	0.02168305
-196.00000050	0.02154620
-195.96666716	0.02094914
-195.93333383	0.01992395
-195.90000050	0.01852243
-195.86666716	0.01670652
-195.83333383	0.01465914
-195.80000050	0.01197135
-195.76666716	0.00927560
-195.73333383	0.00619172
-195.70000050	0.00311388
-195.66666716	-0.00031471
-195.63333383	-0.00351089
-195.60000050	-0.00649805
-195.56666717	-0.01010813
-195.53333383	-0.01317635
-195.50000050	-0.01613524
-195.46666717	-0.01897682
-195.43333383	-0.02091804
-195.40000050	-0.02266698
-195.36666717	-0.02383065
-195.33333383	-0.02441956
-195.30000050	-0.02422086
-195.26666717	-0.02335620
-195.23333384	-0.02236886
-195.20000050	-0.02075016
-195.16666717	-0.01896005
-195.13333384	-0.01678218
-195.10000050	-0.01463673
-195.06666717	-0.01247601
-195.03333384	-0.01041184
-195.00000050	-0.00870911
-194.96666717	-0.00726148
-194.93333384	-0.00595389
-194.90000051	-0.00525625
-194.86666717	-0.00469351
-194.83333384	-0.00465498
-194.80000051	-0.00459527
-194.76666717	-0.00469534
-194.73333384	-0.00544723
-194.70000051	-0.00609737
-194.66666717	-0.00677680
-194.63333384	-0.00787590
-194.60000051	-0.00915799
-194.56666717	-0.01027169
-194.53333384	-0.01116411
-194.50000051	-0.01242591
-194.46666718	-0.01347313
-194.43333384	-0.01445942
-194.40000051	-0.01552103
-194.36666718	-0.01638376
-194.33333384	-0.01719786
-194.30000051	-0.01828596
-194.26666718	-0.01945800
-194.23333384	-0.02048570
-194.20000051	-0.02174179
-194.16666718	-0.02321340
-194.13333385	-0.02469278
-194.10000051	-0.02638560
-194.06666718	-0.02756703
-194.03333385	-0.02884157
-194.00000051	-0.03021309
-193.96666718	-0.03131778
-193.93333385	-0.03197078
-193.90000051	-0.03211834
-193.86666718	-0.03244698
-193.83333385	-0.03205445
-193.80000052	-0.03151310
-193.76666718	-0.03054773
-193.73333385	-0.02979313
-193.70000052	-0.02875914
-193.66666718	-0.02719937
-193.63333385	-0.02590775
-193.60000052	-0.02450293
-193.56666718	-0.02253340
-193.53333385	-0.02046924
-193.50000052	-0.01795993
-193.46666718	-0.01506328
-193.43333385	-0.01194953
-193.40000052	-0.00868073
-193.36666719	-0.00508262
-193.33333385	-0.00094460
-193.30000052	0.00307773
-193.26666719	0.00659259
-193.23333385	0.01029303
-193.20000052	0.01369486
-193.16666719	0.01697755
-193.13333385	0.02011959
-193.10000052	0.02254547
-193.06666719	0.02447672
-193.03333386	0.02592367
-193.00000052	0.02677335
-192.96666719	0.02739233
-192.93333386	0.02684539
-192.90000052	0.02651918
-192.86666719	0.02551517
-192.83333386	0.02425856
-192.80000052	0.02304095
-192.76666719	0.02136024
-192.73333386	0.02014193
-192.70000053	0.01872472
-192.66666719	0.01744400
-192.63333386	0.01643684
-192.60000053	0.01529953
-192.56666719	0.01429599
-192.53333386	0.01381859
-192.50000053	0.01358066
-192.46666719	0.01359300
-192.43333386	0.01340781
-192.40000053	0.01365851
-192.36666719	0.01355071
-192.33333386	0.01351742
-192.30000053	0.01298654
-192.26666720	0.01233419
-192.23333386	0.01133468
-192.20000053	0.01018433
-192.16666720	0.00875058
-192.13333386	0.00705034
-192.10000053	0.00538636
-192.06666720	0.00382835
-192.03333386	0.00185285
-192.00000053	-0.00015600
-191.96666720	-0.00201083
-191.93333387	-0.00380216
-191.90000053	-0.00554148
-191.86666720	-0.00713272
-191.83333387	-0.00845215
-191.80000053	-0.01004335
-191.76666720	-0.01134416
-191.73333387	-0.01320121
-191.70000053	-0.01445077
-191.66666720	-0.01629906
-191.63333387	-0.01776856
-191.60000054	-0.01947966
-191.56666720	-0.02131629
-191.53333387	-0.02289356
-191.50000054	-0.02497354
-191.46666720	-0.02699848
-191.43333387	-0.02903048
-191.40000054	-0.03093517
-191.36666720	-0.03302599
-191.33333387	-0.03465268
-191.30000054	-0.03646616
-191.26666720	-0.03784901
-191.23333387	-0.03915569
-191.20000054	-0.03993632
-191.16666721	-0.04023021
-191.13333387	-0.04017713
-191.10000054	-0.04010599
-191.06666721	-0.03956464
-191.03333387	-0.03932490
-191.00000054	-0.03937021
-190.96666721	-0.03943242
-190.93333387	-0.03964085
-190.90000054	-0.04032884
-190.86666721	-0.04115203
-190.83333388	-0.04230872
-190.80000054	-0.04320217
-190.76666721	-0.04415961
-190.73333388	-0.04521410
-190.70000054	-0.04634262
-190.66666721	-0.04689254
-190.63333388	-0.04753790
-190.60000054	-0.04796640
-190.56666721	-0.04827914
-190.53333388	-0.04872891
-190.50000055	-0.04925582
-190.46666721	-0.04968321
-190.43333388	-0.05020986
-190.40000055	-0.05050916
-190.36666721	-0.05057590
-190.33333388	-0.05020928
-190.30000055	-0.04945227
-190.26666721	-0.04833317
-190.23333388	-0.04671373
-190.20000055	-0.04459061
-190.16666722	-0.04228863
-190.13333388	-0.04007865
-190.10000055	-0.03765388
-190.06666722	-0.03579940
-190.03333388	-0.03376422
-190.00000055	-0.03223489
-189.96666722	-0.03069085
-189.93333388	-0.02930987
-189.90000055	-0.02754051
-189.86666722	-0.02554714
-189.83333388	-0.02312161
-189.80000055	-0.02034180
-189.76666722	-0.01682106
-189.73333389	-0.01249305
-189.70000055	-0.00823800
-189.66666722	-0.00334153
-189.63333389	0.00175017
-189.60000055	0.00709209
-189.56666722	0.01263865
-189.53333389	0.01824128
-189.50000055	0.02394023
-189.46666722	0.02928752
-189.43333389	0.03503578
-189.40000056	0.03974314
-189.36666722	0.04465918
-189.33333389	0.04894627
-189.30000056	0.05277257
-189.26666722	0.05565239
-189.23333389	0.05821439
-189.20000056	0.05992820
-189.16666722	0.06108207
-189.13333389	0.06182407
-189.10000056	0.06211100
-189.06666723	0.06202285
-189.03333389	0.06158356
-189.00000056	0.06114421
-188.96666723	0.06071485
-188.93333389	0.06019649
-188.90000056	0.05978498
-188.86666723	0.05967190
-188.83333389	0.05951524
-188.80000056	0.05979685
-188.76666723	0.05969785
-188.73333389	0.05992281
-188.70000056	0.06022127
-188.66666723	0.06073921
-188.63333390	0.06140825
-188.60000056	0.06192064
-188.56666723	0.06254882
-188.53333390	0.06365688
-188.50000056	0.06515915
-188.46666723	0.06659114
-188.43333390	0.06784667
-188.40000056	0.06950324
-188.36666723	0.07067836
-188.33333390	0.07199716
-188.30000057	0.07258379
-188.26666723	0.07281380
-188.23333390	0.07324044
-188.20000057	0.07326881
-188.16666723	0.07337971
-188.13333390	0.07326905
-188.10000057	0.07355073
-188.06666723	0.07416495
-188.03333390	0.07462186
-188.00000057	0.07538019
-187.96666724	0.07564929
-187.93333390	0.07634154
-187.90000057	0.07737614
-187.86666724	0.07798312
-187.83333390	0.07864692
-187.80000057	0.07997446
-187.76666724	0.08111854
-187.73333390	0.08192564
-187.70000057	0.08278474
-187.66666724	0.08371112
-187.63333390	0.08437239
-187.60000057	0.08464041
-187.56666724	0.08454990
-187.53333391	0.08401690
-187.50000057	0.08332744
-187.46666724	0.08201490
-187.43333391	0.07995978
-187.40000057	0.07794659
-187.36666724	0.07516582
-187.33333391	0.07202108
-187.30000057	0.06845402
-187.26666724	0.06506241
-187.23333391	0.06183344
-187.20000058	0.05842831
-187.16666724	0.05542443
-187.13333391	0.05269505
-187.10000058	0.05076254
-187.06666724	0.04875688
-187.03333391	0.04756453
-187.00000058	0.04671112
-186.96666724	0.04595227
-186.93333391	0.04527191
-186.90000058	0.04510942
-186.86666725	0.04451730
-186.83333391	0.04419155
-186.80000058	0.04364626
-186.76666725	0.04281738
-186.73333391	0.04142796
-186.70000058	0.03982219
-186.66666725	0.03688774
-186.63333391	0.03453464
-186.60000058	0.03108031
-186.56666725	0.02768492
-186.53333391	0.02339435
-186.50000058	0.01946515
-186.46666725	0.01500721
-186.43333392	0.01079324
-186.40000058	0.00625552
-186.36666725	0.00220404
-186.33333392	-0.00135194
-186.30000058	-0.00490982
-186.26666725	-0.00759804
-186.23333392	-0.00915760
-186.20000058	-0.01047548
-186.16666725	-0.01126592
-186.13333392	-0.01110427
-186.10000059	-0.01039672
-186.06666725	-0.00924784
-186.03333392	-0.00790615
-186.00000059	-0.00624579
-185.96666725	-0.00481033
-185.93333392	-0.00333530
-185.90000059	-0.00205224
-185.86666725	-0.00107793
-185.83333392	-0.00023503
-185.80000059	-0.00020063
-185.76666726	-0.00031117
-185.73333392	-0.00110265
-185.70000059	-0.00245238
-185.66666726	-0.00407271
-185.63333392	-0.00569386
-185.60000059	-0.00742782
-185.56666726	-0.00949094
-185.53333392	-0.01125875
-185.50000059	-0.01284791
-185.46666726	-0.01424887
-185.43333392	-0.01534272
-185.40000059	-0.01570997
-185.36666726	-0.01560490
-185.33333393	-0.01526297
-185.30000059	-0.01482635
-185.26666726	-0.01370818
-185.23333393	-0.01244458
-185.20000059	-0.01122418
-185.16666726	-0.01003800
-185.13333393	-0.00894614
-185.10000059	-0.00818314
-185.06666726	-0.00759507
-185.03333393	-0.00759663
-185.00000060	-0.00819577
-184.96666726	-0.00890206
-184.93333393	-0.01000831
-184.90000060	-0.01148274
-184.86666726	-0.01302210
-184.83333393	-0.01501281
-184.80000060	-0.01681443
-184.76666726	-0.01859033
-184.73333393	-0.02009653
-184.70000060	-0.02184819
-184.66666727	-0.02307262
-184.63333393	-0.02404847
-184.60000060	-0.02481733
-184.56666727	-0.02529800
-184.53333393	-0.02509118
-184.50000060	-0.02449886
-184.46666727	-0.02324435
-184.43333393	-0.02188696
-184.40000060	-0.01992902
-184.36666727	-0.01755282
-184.33333393	-0.01499777
-184.30000060	-0.01209444
-184.26666727	-0.00926790
-184.23333394	-0.00659938
-184.20000060	-0.00350042
-184.16666727	-0.00143717
-184.13333394	0.00066213
-184.10000060	0.00267291
-184.06666727	0.00462488
-184.03333394	0.00551748
-184.00000060	0.00621491
-183.96666727	0.00673452
-183.93333394	0.00642483
-183.90000061	0.00592150
-183.86666727	0.00503280
-183.83333394	0.00379137
-183.80000061	0.00246879
-183.76666727	0.00049559
-183.73333394	-0.00114739
-183.70000061	-0.00331008
-183.66666727	-0.00524836
-183.63333394	-0.00712578
-183.60000061	-0.00872755
-183.56666728	-0.01039743
-183.53333394	-0.01157718
-183.50000061	-0.01228118
-183.46666728	-0.01282257
-183.43333394	-0.01281352
-183.40000061	-0.01279409
-183.36666728	-0.01277633
-183.33333394	-0.01226335
-183.30000061	-0.01196677
-183.26666728	-0.01172483
-183.23333394	-0.01132018
-183.20000061	-0.01078951
-183.16666728	-0.01024368
-183.13333395	-0.00954122
-183.10000061	-0.00918650
-183.06666728	-0.00865491
-183.03333395	-0.00843714
-183.00000061	-0.00809876
-182.96666728	-0.00829681
-182.93333395	-0.00837522
-182.90000061	-0.00857420
-182.86666728	-0.00856177
-182.83333395	-0.00891486
-182.80000062	-0.00910322
-182.76666728	-0.00927538
-182.73333395	-0.00912216
-182.70000062	-0.00874775
-182.66666728	-0.00836012
-182.63333395	-0.00755257
-182.60000062	-0.00659240
-182.56666728	-0.00570625
-182.53333395	-0.00499066
-182.50000062	-0.00407260
-182.46666729	-0.00339975
-182.43333395	-0.00256770
-182.40000062	-0.00240972
-182.36666729	-0.00220735
-182.33333395	-0.00257199
-182.30000062	-0.00358303
-182.26666729	-0.00450697
-182.23333395	-0.00572114
-182.20000062	-0.00735944
-182.16666729	-0.00903675
-182.13333395	-0.01043686
-182.10000062	-0.01191735
-182.06666729	-0.01325824
-182.03333396	-0.01527933
-182.00000062	-0.01662781
-181.96666729	-0.01840043
-181.93333396	-0.01980611
-181.90000062	-0.02126202
-181.86666729	-0.02260319
-181.83333396	-0.02378360
-181.80000062	-0.02468652
-181.76666729	-0.02535842
-181.73333396	-0.02612843
-181.70000063	-0.02710315
-181.66666729	-0.02763604
-181.63333396	-0.02855647
-181.60000063	-0.02935955
-181.56666729	-0.03018373
-181.53333396	-0.03147426
-181.50000063	-0.03251404
-181.46666729	-0.03374318
-181.43333396	-0.03485703
-181.40000063	-0.03556565
-181.36666730	-0.03668774
-181.33333396	-0.03718629
-181.30000063	-0.03758446
-181.26666730	-0.03786551
-181.23333396	-0.03777589
-181.20000063	-0.03803109
-181.16666730	-0.03790673
-181.13333396	-0.03811831
-181.10000063	-0.03830237
-181.06666730	-0.03888723
-181.03333396	-0.03952481
-181.00000063	-0.03997149
-180.96666730	-0.04067840
-180.93333397	-0.04162408
-180.90000063	-0.04261823
-180.86666730	-0.04345023
-180.83333397	-0.04437795
-180.80000063	-0.04527680
-180.76666730	-0.04619895
-180.73333397	-0.04723855
-180.70000063	-0.04817114
-180.66666730	-0.04885751
-180.63333397	-0.04941337
-180.60000064	-0.05008502
-180.56666730	-0.05033368
-180.53333397	-0.04984348
-180.50000064	-0.04957122
-180.46666730	-0.04870444
-180.43333397	-0.04735356
-180.40000064	-0.04605032
-180.36666730	-0.04435682
-180.33333397	-0.04214135
-180.30000064	-0.04031864
-180.26666731	-0.03789394
-180.23333397	-0.03574018
-180.20000064	-0.03339440
-180.16666731	-0.03137837
-180.13333397	-0.02942710
-180.10000064	-0.02756055
-180.06666731	-0.02563940
-180.03333397	-0.02404694
-180.00000064	-0.02274102
-179.96666731	-0.02151464
-179.93333397	-0.02012233
-179.90000064	-0.01924493
-179.86666731	-0.01816935
-179.83333398	-0.01749278
-179.80000064	-0.01651832
-179.76666731	-0.01558274
-179.73333398	-0.01522594
-179.70000064	-0.01450688
-179.66666731	-0.01437373
-179.63333398	-0.01435809
-179.60000064	-0.01430272
-179.56666731	-0.01445693
-179.53333398	-0.01455662
-179.50000065	-0.01501783
-179.46666731	-0.01589259
-179.43333398	-0.01671130
-179.40000065	-0.01758346
-179.36666731	-0.01903278
-179.33333398	-0.02032390
-179.30000065	-0.02190858
-179.26666731	-0.02350336
-179.23333398	-0.02527539
-179.20000065	-0.02724652
-179.16666732	-0.02869633
-179.13333398	-0.03018748
-179.10000065	-0.03151970
-179.06666732	-0.03254467
-179.03333398	-0.03302003
-179.00000065	-0.03289367
-178.96666732	-0.03235262
-178.93333398	-0.03098394
-178.90000065	-0.02926076
-178.86666732	-0.02679035
-178.83333398	-0.02403382
-178.80000065	-0.02039959
-178.76666732	-0.01676669
-178.73333399	-0.01255478
-178.70000065	-0.00849385
-178.66666732	-0.00444524
-178.63333399	0.00007211
-178.60000065	0.00401685
-178.56666732	0.00780974
-178.53333399	0.01127364
-178.50000065	0.01481873
-178.46666732	0.01779215
-178.43333399	0.02034090
-178.40000066	0.02282371
-178.36666732	0.02519279
-178.33333399	0.02704209
-178.30000066	0.02883007
-178.26666732	0.03065520
-178.23333399	0.03226154
-178.20000066	0.03346058
-178.16666732	0.03478307
-178.13333399	0.03565368
-178.10000066	0.03643092
-178.06666733	0.03718268
-178.03333399	0.03745139
-178.00000066	0.03803632
-177.96666733	0.03839344
-177.93333399	0.03856655
-177.90000066	0.03826657
-177.86666733	0.03804853
-177.83333399	0.03743344
-177.80000066	0.03627863
-177.76666733	0.03513324
-177.73333399	0.03337936
-177.70000066	0.03102244
-177.66666733	0.02848157
-177.63333400	0.02557077
-177.60000066	0.02195411
-177.56666733	0.01809766
-177.53333400	0.01398465
-177.50000066	0.00921261
-177.46666733	0.00467795
-177.43333400	0.00022263
-177.40000066	-0.00448352
-177.36666733	-0.00905004
-177.33333400	-0.01266116
-177.30000067	-0.01624538
-177.26666733	-0.01860917
-177.23333400	-0.02040460
-177.20000067	-0.02139705
-177.16666733	-0.02119900
-177.13333400	-0.02016230
-177.10000067	-0.01788597
-177.06666733	-0.01490648
-177.03333400	-0.01133469
-177.00000067	-0.00723539
-176.96666734	-0.00197448
-176.93333400	0.00329715
-176.90000067	0.00860688
-176.86666734	0.01376657
-176.83333400	0.01872886
-176.80000067	0.02309477
-176.76666734	0.02680338
-176.73333400	0.02965647
-176.70000067	0.03176668
-176.66666734	0.03317131
-176.63333400	0.03331751
-176.60000067	0.03282190
-176.56666734	0.03171510
-176.53333401	0.02998030
-176.50000067	0.02758852
-176.46666734	0.02547783
-176.43333401	0.02282068
-176.40000067	0.02059545
-176.36666734	0.01869019
-176.33333401	0.01699615
-176.30000067	0.01591032
-176.26666734	0.01518225
-176.23333401	0.01471735
-176.20000068	0.01496001
-176.16666734	0.01538503
-176.13333401	0.01578307
-176.10000068	0.01653551
-176.06666734	0.01721598
-176.03333401	0.01757330
-176.00000068	0.01811021
-175.96666734	0.01854893
-175.93333401	0.01877909
-175.90000068	0.01865725
-175.86666735	0.01828691
-175.83333401	0.01803330
-175.80000068	0.01716641
-175.76666735	0.01654027
-175.73333401	0.01581769
-175.70000068	0.01504366
-175.66666735	0.01428819
-175.63333401	0.01377433
-175.60000068	0.01287947
-175.56666735	0.01214741
-175.53333401	0.01154801
-175.50000068	0.01123307
-175.46666735	0.01029009
-175.43333402	0.00986926
-175.40000068	0.00970076
-175.36666735	0.00948130
-175.33333402	0.00914108
-175.30000068	0.00884207
-175.26666735	0.00861985
-175.23333402	0.00841442
-175.20000068	0.00785432
-175.16666735	0.00717716
-175.13333402	0.00650078
-175.10000069	0.00525121
-175.06666735	0.00433674
-175.03333402	0.00281848
-175.00000069	0.00148551
-174.96666735	-0.00018680
-174.93333402	-0.00223372
-174.90000069	-0.00415479
-174.86666735	-0.00619008
-174.83333402	-0.00859941
-174.80000069	-0.01108963
-174.76666736	-0.01327484
-174.73333402	-0.01558429
-174.70000069	-0.01744652
-174.66666736	-0.01900770
-174.63333402	-0.02074350
-174.60000069	-0.02216003
-174.56666736	-0.02338167
-174.53333402	-0.02388523
-174.50000069	-0.02397858
-174.46666736	-0.02360655
-174.43333403	-0.02316613
-174.40000069	-0.02229485
-174.36666736	-0.02129724
-174.33333403	-0.02019674
-174.30000069	-0.01892636
-174.26666736	-0.01747389
-174.23333403	-0.01635452
-174.20000069	-0.01537304
-174.16666736	-0.01456562
-174.13333403	-0.01386054
-174.10000069	-0.01379417
-174.06666736	-0.01377562
-174.03333403	-0.01408367
-174.00000070	-0.01488555
-173.96666736	-0.01632070
-173.93333403	-0.01776773
-173.90000070	-0.01964116
-173.86666736	-0.02177608
-173.83333403	-0.02406205
-173.80000070	-0.02644333
-173.76666736	-0.02867909
-173.73333403	-0.03075635
-173.70000070	-0.03265738
-173.66666737	-0.03390159
-173.63333403	-0.03462856
-173.60000070	-0.03498629
-173.56666737	-0.03468845
-173.53333403	-0.03375402
-173.50000070	-0.03213856
-173.46666737	-0.03027350
-173.43333403	-0.02828801
-173.40000070	-0.02596176
-173.36666737	-0.02354091
-173.33333404	-0.02115820
-173.30000070	-0.01934680
-173.26666737	-0.01751823
-173.23333404	-0.01593512
-173.20000070	-0.01493143
-173.16666737	-0.01433405
-173.13333404	-0.01381312
-173.10000070	-0.01357018
-173.06666737	-0.01370476
-173.03333404	-0.01419023
-173.00000070	-0.01449458
-172.96666737	-0.01531180
-172.93333404	-0.01633048
-172.90000071	-0.01720850
-172.86666737	-0.01794525
-172.83333404	-0.01898489
-172.80000071	-0.02019085
-172.76666737	-0.02106466
-172.73333404	-0.02214074
-172.70000071	-0.02316429
-172.66666737	-0.02369420
-172.63333404	-0.02424121
-172.60000071	-0.02478400
-172.56666738	-0.02524529
-172.53333404	-0.02534700
-172.50000071	-0.02559409
-172.46666738	-0.02545054
-172.43333404	-0.02476917
-172.40000071	-0.02426698
-172.36666738	-0.02321324
-172.33333404	-0.02205743
-172.30000071	-0.02083567
-172.26666738	-0.01942331
-172.23333405	-0.01817289
-172.20000071	-0.01669862
-172.16666738	-0.01566494
-172.13333405	-0.01410293
-172.10000071	-0.01292298
-172.06666738	-0.01188903
-172.03333405	-0.01086277
-172.00000071	-0.00954272
-171.96666738	-0.00892066
-171.93333405	-0.00852057
-171.90000071	-0.00810910
-171.86666738	-0.00820812
-171.83333405	-0.00867002
-171.80000072	-0.00916282
-171.76666738	-0.00987032
-171.73333405	-0.01060170
-171.70000072	-0.01118692
-171.66666738	-0.01219260
-171.63333405	-0.01248272
-171.60000072	-0.01302293
-171.56666738	-0.01282224
-171.53333405	-0.01264411
-171.50000072	-0.01205674
-171.46666739	-0.01136427
-171.43333405	-0.01088296
-171.40000072	-0.00984901
-171.36666739	-0.00876018
-171.33333405	-0.00760782
-171.30000072	-0.00661606
-171.26666739	-0.00537502
-171.23333405	-0.00467787
-171.20000072	-0.00385669
-171.16666739	-0.00308685
-171.13333406	-0.00233386
-171.10000072	-0.00200403
-171.06666739	-0.00146577
-171.03333406	-0.00141465
-171.00000072	-0.00099438
-170.96666739	-0.00096538
-170.93333406	-0.00075333
-170.90000072	-0.00101865
-170.86666739	-0.00077184
-170.83333406	-0.00082258
-170.80000072	-0.00060876
-170.76666739	-0.00046134
-170.73333406	-0.00060343
-170.70000073	0.00011405
-170.66666739	0.00034480
-170.63333406	0.00086958
-170.60000073	0.00120896
-170.56666739	0.00182477
-170.53333406	0.00221103
-170.50000073	0.00256947
-170.46666739	0.00316665
-170.43333406	0.00351509
-170.40000073	0.00368142
-170.36666740	0.00391533
-170.33333406	0.00420729
-170.30000073	0.00404563
-170.26666740	0.00416516
-170.23333406	0.00429891
-170.20000073	0.00438220
-170.16666740	0.00449205
-170.13333406	0.00482775
-170.10000073	0.00519214
-170.06666740	0.00607114
-170.03333407	0.00676965
-170.00000073	0.00802779
-169.96666740	0.00927365
-169.93333407	0.01081946
-169.90000073	0.01277934
-169.86666740	0.01439372
-169.83333407	0.01646349
-169.80000073	0.01821321
-169.76666740	0.02075541
-169.73333407	0.02249777
-169.70000073	0.02468335
-169.66666740	0.02644889
-169.63333407	0.02820704
-169.60000074	0.02906550
-169.56666740	0.03015365
-169.53333407	0.03046329
-169.50000074	0.03049251
-169.46666740	0.02980860
-169.43333407	0.02870441
-169.40000074	0.02720663
-169.36666740	0.02594857
-169.33333407	0.02402128
-169.30000074	0.02206656
-169.26666741	0.01983104
-169.23333407	0.01752479
-169.20000074	0.01547965
-169.16666741	0.01357847
-169.13333407	0.01158303
-169.10000074	0.01022448
-169.06666741	0.00923674
-169.03333407	0.00827404
-169.00000074	0.00799553
-168.96666741	0.00807267
-168.93333408	0.00853449
-168.90000074	0.00894702
-168.86666741	0.00975850
-168.83333408	0.01091807
-168.80000074	0.01229865
-168.76666741	0.01333482
-168.73333408	0.01438105
-168.70000074	0.01568898
-168.66666741	0.01664776
-168.63333408	0.01759248
-168.60000074	0.01813440
-168.56666741	0.01877017
-168.53333408	0.01909290
-168.50000075	0.01920228
-168.46666741	0.01907235
-168.43333408	0.01905094
-168.40000075	0.01917439
-168.36666741	0.01894633
-168.33333408	0.01869445
-168.30000075	0.01880021
-168.26666741	0.01883970
-168.23333408	0.01916259
-168.20000075	0.01968195
-168.16666742	0.02028299
-168.13333408	0.02117350
-168.10000075	0.02187406
-168.06666742	0.02283944
-168.03333408	0.02359372
-168.00000075	0.02412633
-167.96666742	0.02466456
-167.93333408	0.02518375
-167.90000075	0.02506419
-167.86666742	0.02485414
-167.83333409	0.02430169
-167.80000075	0.02351561
-167.76666742	0.02251016
-167.73333409	0.02129528
-167.70000075	0.01960424
-167.66666742	0.01780751
-167.63333409	0.01556074
-167.60000075	0.01391793
-167.56666742	0.01131710
-167.53333409	0.00898528
-167.50000075	0.00687065
-167.46666742	0.00465172
-167.43333409	0.00279261
-167.40000076	0.00093643
-167.36666742	-0.00061357
-167.33333409	-0.00223072
-167.30000076	-0.00331189
-167.26666742	-0.00415693
-167.23333409	-0.00485259
-167.20000076	-0.00533979
-167.16666742	-0.00523509
-167.13333409	-0.00526567
-167.10000076	-0.00537147
-167.06666743	-0.00514803
-167.03333409	-0.00472713
-167.00000076	-0.00510967
-166.96666743	-0.00525783
-166.93333409	-0.00557617
-166.90000076	-0.00618978
-166.86666743	-0.00686398
-166.83333409	-0.00760400
-166.80000076	-0.00875944
-166.76666743	-0.00985189
-166.73333410	-0.01147805
-166.70000076	-0.01257224
-166.66666743	-0.01370743
-166.63333410	-0.01527879
-166.60000076	-0.01649682
-166.56666743	-0.01786608
-166.53333410	-0.01865863
-166.50000076	-0.01932030
-166.46666743	-0.01948537
-166.43333410	-0.01925334
-166.40000076	-0.01876897
-166.36666743	-0.01781091
-166.33333410	-0.01655354
-166.30000077	-0.01533224
-166.26666743	-0.01342631
-166.23333410	-0.01129833
-166.20000077	-0.00923177
-166.16666743	-0.00716990
-166.13333410	-0.00496210
-166.10000077	-0.00295619
-166.06666743	-0.00103985
-166.03333410	0.00045964
-166.00000077	0.00188029
-165.96666744	0.00277085
-165.93333410	0.00339928
-165.90000077	0.00352995
-165.86666744	0.00349117
-165.83333410	0.00302248
-165.80000077	0.00252673
-165.76666744	0.00209346
-165.73333410	0.00160605
-165.70000077	0.00089687
-165.66666744	0.00022234
-165.63333411	-0.00037773
-165.60000077	-0.00089927
-165.56666744	-0.00123944
-165.53333411	-0.00186388
-165.50000077	-0.00203240
-165.46666744	-0.00252712
-165.43333411	-0.00273532
-165.40000077	-0.00304862
-165.36666744	-0.00317826
-165.33333411	-0.00337547
-165.30000077	-0.00363733
-165.26666744	-0.00340869
-165.23333411	-0.00340978
-165.20000078	-0.00337212
-165.16666744	-0.00334472
-165.13333411	-0.00334201
-165.10000078	-0.00324256
-165.06666744	-0.00305487
-165.03333411	-0.00282051
-165.00000078	-0.00275146
-164.96666744	-0.00257434
-164.93333411	-0.00284548
-164.90000078	-0.00263036
-164.86666745	-0.00216529
-164.83333411	-0.00164699
-164.80000078	-0.00081816
-164.76666745	-0.00025239
-164.73333411	0.00067715
-164.70000078	0.00174152
-164.66666745	0.00250420
-164.63333411	0.00347402
-164.60000078	0.00447900
-164.56666745	0.00559140
-164.53333412	0.00678845
-164.50000078	0.00780293
-164.46666745	0.00842672
-164.43333412	0.00951968
-164.40000078	0.01028167
-164.36666745	0.01070744
-164.33333412	0.01118828
-164.30000078	0.01152346
-164.26666745	0.01189503
-164.23333412	0.01215267
-164.20000078	0.01248563
-164.16666745	0.01285349
-164.13333412	0.01281269
-164.10000079	0.01271811
-164.06666745	0.01241396
-164.03333412	0.01218922
-164.00000079	0.01184251
-163.96666745	0.01173335
-163.93333412	0.01108613
-163.90000079	0.01052371
-163.86666745	0.00987660
-163.83333412	0.00962016
-163.80000079	0.00873515
-163.76666746	0.00820782
-163.73333412	0.00730324
-163.70000079	0.00646332
-163.66666746	0.00548847
-163.63333412	0.00448906
-163.60000079	0.00307765
-163.56666746	0.00239948
-163.53333412	0.00146023
-163.50000079	0.00049496
-163.46666746	-0.00033451
-163.43333413	-0.00108429
-163.40000079	-0.00167268
-163.36666746	-0.00186029
-163.33333413	-0.00197398
-163.30000079	-0.00198131
-163.26666746	-0.00157008
-163.23333413	-0.00123785
-163.20000079	-0.00074138
-163.16666746	-0.00016492
-163.13333413	0.00039831
-163.10000079	0.00072118
-163.06666746	0.00142661
-163.03333413	0.00189756
-163.00000080	0.00254761
-162.96666746	0.00326027
-162.93333413	0.00388190
-162.90000080	0.00413938
-162.86666746	0.00482255
-162.83333413	0.00517622
-162.80000080	0.00543835
-162.76666746	0.00539783
-162.73333413	0.00560114
-162.70000080	0.00525868
-162.66666747	0.00494571
-162.63333413	0.00453537
-162.60000080	0.00427789
-162.56666747	0.00364263
-162.53333413	0.00300855
-162.50000080	0.00239505
-162.46666747	0.00186902
-162.43333413	0.00092527
-162.40000080	0.00009133
-162.36666747	-0.00059949
-162.33333414	-0.00153733
-162.30000080	-0.00208985
-162.26666747	-0.00292065
-162.23333414	-0.00340254
-162.20000080	-0.00410744
-162.16666747	-0.00471664
-162.13333414	-0.00502543
-162.10000080	-0.00530363
-162.06666747	-0.00601937
-162.03333414	-0.00620122
-162.00000080	-0.00650614
-161.96666747	-0.00647968
-161.93333414	-0.00683377
-161.90000081	-0.00731333
-161.86666747	-0.00693359
-161.83333414	-0.00711044
-161.80000081	-0.00700966
-161.76666747	-0.00700452
-161.73333414	-0.00682553
-161.70000081	-0.00713808
-161.66666747	-0.00722008
-161.63333414	-0.00735625
-161.60000081	-0.00688935
-161.56666748	-0.00698904
-161.53333414	-0.00657546
-161.50000081	-0.00636231
-161.46666748	-0.00564856
-161.43333414	-0.00506652
-161.40000081	-0.00406569
-161.36666748	-0.00334706
-161.33333414	-0.00224040
-161.30000081	-0.00121509
-161.26666748	-0.00016828
-161.23333415	0.00084933
-161.20000081	0.00186564
-161.16666748	0.00298739
-161.13333415	0.00393939
-161.10000081	0.00495831
-161.06666748	0.00558945
-161.03333415	0.00648914
-161.00000081	0.00700657
-160.96666748	0.00724271
-160.93333415	0.00741949
-160.90000081	0.00778701
-160.86666748	0.00800917
-160.83333415	0.00795610
-160.80000082	0.00849018
-160.76666748	0.00864136
-160.73333415	0.00894890
-160.70000082	0.00936137
-160.66666748	0.00976752
-160.63333415	0.01036518
-160.60000082	0.01092055
-160.56666748	0.01151973
-160.53333415	0.01211291
-160.50000082	0.01256202
-160.46666749	0.01297985
-160.43333415	0.01302521
-160.40000082	0.01347526
-160.36666749	0.01341553
-160.33333415	0.01362001
-160.30000082	0.01347266
-160.26666749	0.01300977
-160.23333415	0.01242751
-160.20000082	0.01191801
-160.16666749	0.01142507
-160.13333416	0.01070647
-160.10000082	0.00949508
-160.06666749	0.00872770
-160.03333416	0.00774440
-160.00000082	0.00649657
-159.96666749	0.00582898
-159.93333416	0.00441853
-159.90000082	0.00348239
-159.86666749	0.00267047
-159.83333416	0.00159319
-159.80000082	0.00059830
-159.76666749	0.00008119
-159.73333416	-0.00060015
-159.70000083	-0.00136300
-159.66666749	-0.00200728
-159.63333416	-0.00218978
-159.60000083	-0.00278854
-159.56666749	-0.00283350
-159.53333416	-0.00259921
-159.50000083	-0.00265610
-159.46666749	-0.00279373
-159.43333416	-0.00270452
-159.40000083	-0.00287085
-159.36666750	-0.00288587
-159.33333416	-0.00312768
-159.30000083	-0.00317377
-159.26666750	-0.00316512
-159.23333416	-0.00332046
-159.20000083	-0.00330027
-159.16666750	-0.00324391
-159.13333416	-0.00326666
-159.10000083	-0.00325479
-159.06666750	-0.00292471
-159.03333417	-0.00278210
-159.00000083	-0.00266959
-158.96666750	-0.00221157
-158.93333417	-0.00202771
-158.90000083	-0.00206192
-158.86666750	-0.00174820
-158.83333417	-0.00159134
-158.80000083	-0.00174573
-158.76666750	-0.00175540
-158.73333417	-0.00185934
-158.70000083	-0.00242289
-158.66666750	-0.00299316
-158.63333417	-0.00351494
-158.60000084	-0.00453869
-158.56666750	-0.00561408
-158.53333417	-0.00680032
-158.50000084	-0.00791740
-158.46666750	-0.00890528
-158.43333417	-0.01055396
-158.40000084	-0.01165265
-158.36666750	-0.01310267
-158.33333417	-0.01430833
-158.30000084	-0.01562649
-158.26666751	-0.01706058
-158.23333417	-0.01872002
-158.20000084	-0.02036407
-158.16666751	-0.02159218
-158.13333417	-0.02264442
-158.10000084	-0.02407867
-158.06666751	-0.02513275
-158.03333417	-0.02603575
-158.00000084	-0.02651281
-157.96666751	-0.02702480
-157.93333418	-0.02726827
-157.90000084	-0.02673473
-157.86666751	-0.02616035
-157.83333418	-0.02549861
-157.80000084	-0.02469183
-157.76666751	-0.02371810
-157.73333418	-0.02200421
-157.70000084	-0.02073593
-157.66666751	-0.01947989
-157.63333418	-0.01839658
-157.60000085	-0.01726729
-157.56666751	-0.01640141
-157.53333418	-0.01538902
-157.50000085	-0.01453264
-157.46666751	-0.01425240
-157.43333418	-0.01380945
-157.40000085	-0.01386302
-157.36666751	-0.01389344
-157.33333418	-0.01400988
-157.30000085	-0.01450419
-157.26666751	-0.01510165
-157.23333418	-0.01534200
-157.20000085	-0.01573284
-157.16666752	-0.01593131
-157.13333418	-0.01639681
-157.10000085	-0.01600621
-157.06666752	-0.01600347
-157.03333418	-0.01573542
-157.00000085	-0.01509153
-156.96666752	-0.01481737
-156.93333418	-0.01441487
-156.90000085	-0.01381664
-156.86666752	-0.01363336
-156.83333419	-0.01317979
-156.80000085	-0.01296234
-156.76666752	-0.01294021
-156.73333419	-0.01297440
-156.70000085	-0.01349599
-156.66666752	-0.01397256
-156.63333419	-0.01448025
-156.60000085	-0.01557670
-156.56666752	-0.01650281
-156.53333419	-0.01732892
-156.50000086	-0.01813770
-156.46666752	-0.01895088
-156.43333419	-0.02005380
-156.40000086	-0.02081372
-156.36666752	-0.02119746
-156.33333419	-0.02166311
-156.30000086	-0.02248291
-156.26666752	-0.02266772
-156.23333419	-0.02270214
-156.20000086	-0.02307311
-156.16666752	-0.02311710
-156.13333419	-0.02277542
-156.10000086	-0.02248702
-156.06666753	-0.02227787
-156.03333419	-0.02196308
-156.00000086	-0.02180610
-155.96666753	-0.02151637
-155.93333419	-0.02113026
-155.90000086	-0.02059130
-155.86666753	-0.02086761
-155.83333419	-0.02005146
-155.80000086	-0.01988485
-155.76666753	-0.01957739
-155.73333420	-0.01930621
-155.70000086	-0.01942987
-155.66666753	-0.01883752
-155.63333420	-0.01883037
-155.60000086	-0.01869394
-155.56666753	-0.01845949
-155.53333420	-0.01820550
-155.50000086	-0.01784062
-155.46666753	-0.01741095
-155.43333420	-0.01670730
-155.40000087	-0.01599295
-155.36666753	-0.01539599
-155.33333420	-0.01406872
-155.30000087	-0.01324049
-155.26666753	-0.01217988
-155.23333420	-0.01078077
-155.20000087	-0.01001669
-155.16666753	-0.00876470
-155.13333420	-0.00756553
-155.10000087	-0.00620390
-155.06666753	-0.00512071
-155.03333420	-0.00430777
-155.00000087	-0.00358186
-154.96666754	-0.00284474
-154.93333420	-0.00243858
-154.90000087	-0.00211777
-154.86666754	-0.00186363
-154.83333420	-0.00218417
-154.80000087	-0.00219223
-154.76666754	-0.00238706
-154.73333420	-0.00306192
-154.70000087	-0.00353766
-154.66666754	-0.00426470
-154.63333421	-0.00457284
-154.60000087	-0.00542885
-154.56666754	-0.00600695
-154.53333421	-0.00664344
-154.50000087	-0.00710474
-154.46666754	-0.00750260
-154.43333421	-0.00776935
-154.40000087	-0.00799416
-154.36666754	-0.00795676
-154.33333421	-0.00765006
-154.30000088	-0.00757918
-154.26666754	-0.00697061
-154.23333421	-0.00641949
-154.20000088	-0.00610371
-154.16666754	-0.00553272
-154.13333421	-0.00480860
-154.10000088	-0.00437534
-154.06666754	-0.00385713
-154.03333421	-0.00325895
-154.00000088	-0.00287397
-153.96666754	-0.00246741
-153.93333421	-0.00212960
-153.90000088	-0.00152865
-153.86666755	-0.00113278
-153.83333421	-0.00065717
-153.80000088	-0.00024168
-153.76666755	0.00007984
-153.73333421	0.00054085
-153.70000088	0.00110358
-153.66666755	0.00145564
-153.63333421	0.00192618
-153.60000088	0.00223605
-153.56666755	0.00288918
-153.53333422	0.00322241
-153.50000088	0.00378198
-153.46666755	0.00412154
-153.43333422	0.00442898
-153.40000088	0.00468043
-153.36666755	0.00486956
-153.33333422	0.00495184
-153.30000088	0.00497588
-153.26666755	0.00487056
-153.23333422	0.00475036
-153.20000089	0.00447016
-153.16666755	0.00427067
-153.13333422	0.00392225
-153.10000089	0.00360436
-153.06666755	0.00317331
-153.03333422	0.00281644
-153.00000089	0.00240171
-152.96666755	0.00216030
-152.93333422	0.00179016
-152.90000089	0.00160081
-152.86666755	0.00146103
-152.83333422	0.00129715
-152.80000089	0.00127816
-152.76666756	0.00123544
-152.73333422	0.00120399
-152.70000089	0.00117160
-152.66666756	0.00119545
-152.63333422	0.00126274
-152.60000089	0.00127608
-152.56666756	0.00137279
-152.53333422	0.00135907
-152.50000089	0.00142731
-152.46666756	0.00140401
-152.43333423	0.00137581
-152.40000089	0.00136359
-152.36666756	0.00137756
-152.33333423	0.00133756
-152.30000089	0.00129862
-152.26666756	0.00127907
-152.23333423	0.00123518
-152.20000089	0.00118572
-152.16666756	0.00118490
-152.13333423	0.00114777
-152.10000090	0.00112049
-152.06666756	0.00108257
-152.03333423	0.00106132
-152.00000090	0.00101072
-151.96666756	0.00097232
-151.93333423	0.00093129
-151.90000090	0.00086562
-151.86666756	0.00082402
-151.83333423	0.00074810
-151.80000090	0.00069330
-151.76666756	0.00061807
-151.73333423	0.00055478
-151.70000090	0.00049379
-151.66666757	0.00042816
-151.63333423	0.00036719
-151.60000090	0.00030944
-151.56666757	0.00025418
-151.53333423	0.00020933
-151.50000090	0.00016694
-151.46666757	0.00012916
-151.43333423	0.00009641
-151.40000090	0.00007086
-151.36666757	0.00004799
-151.33333424	0.00002958
-151.30000090	0.00001628
-151.26666757	0.00000706
-151.23333424	0.00000171
-151.20000090	0.00000000
